 - NODO 0.
Precision: 0.432
Recall: 0.417
F1: 0.424
Se ha entrenado con 1000 muestras.
Se ha entrenado con 79452 prototipos.
Ha compartido 1000 veces.
Ha compartido 136073 prototipos a cada uno de los 1 vecino/s.
Tiempo de aprendizaje (muestras): 11.285781383514404
Tiempo de aprendizaje (prototipos): 210.85885828344087
Tiempo compartiendo prototipos: 11.144893646240234
Tiempo total: 229.65821862220764
Capacidad de ejecución: 376.802
ID, Tamaño de lotes recibidos: [(3, 10), (2, 8), (3, 25), (4, 21), (2, 27), (3, 61), (1, 36), (4, 21), (4, 23), (3, 28), (2, 21), (2, 45), (1, 42), (3, 60), (2, 73), (1, 46), (2, 41), (3, 57), (4, 48), (4, 53), (2, 42), (3, 51), (2, 59), (4, 44), (4, 50), (2, 59), (2, 65), (1, 93), (1, 94), (1, 95), (2, 63), (1, 96), (3, 109), (1, 109), (3, 115), (1, 112), (3, 151), (3, 152), (1, 100), (4, 67), (3, 94), (2, 78), (4, 90), (1, 76), (2, 68), (1, 77), (1, 91), (3, 102), (1, 102), (3, 103), (4, 109), (2, 81), (2, 88), (2, 72), (1, 103), (3, 110), (4, 81), (2, 97), (2, 66), (4, 81), (3, 149), (2, 96), (4, 88), (4, 94), (1, 90), (2, 82), (1, 95), (1, 100), (1, 106), (3, 127), (3, 141), (4, 90), (2, 74), (3, 109), (1, 97), (1, 99), (3, 98), (4, 90), (2, 67), (1, 115), (3, 109), (1, 94), (3, 117), (2, 89), (4, 84), (1, 99), (4, 93), (2, 80), (2, 88), (2, 92), (1, 119), (1, 121), (4, 94), (3, 127), (4, 94), (3, 97), (1, 134), (3, 129), (2, 95), (1, 113), (4, 96), (1, 116), (3, 117), (4, 83), (1, 111), (1, 97), (1, 104), (4, 93), (2, 101), (2, 99), (2, 86), (4, 97), (3, 99), (4, 104), (3, 109), (4, 83), (1, 94), (3, 134), (2, 97), (1, 118), (2, 90), (3, 148), (2, 92), (2, 102), (4, 92), (4, 95), (4, 95), (4, 88), (2, 136), (1, 100), (3, 113), (2, 98), (2, 99), (3, 116), (1, 96), (3, 135), (2, 102), (3, 125), (4, 109), (1, 119), (3, 108), (2, 107), (2, 109), (4, 93), (3, 118), (4, 115), (4, 94), (4, 92), (2, 118), (2, 130), (3, 112), (3, 112), (3, 113), (4, 111), (1, 111), (2, 125), (4, 91), (3, 145), (3, 131), (4, 93), (2, 114), (3, 154), (3, 129), (3, 132), (1, 117), (2, 102), (3, 162), (1, 120), (3, 119), (2, 122), (1, 123), (4, 102), (4, 125), (2, 111), (1, 117), (3, 116), (1, 141), (4, 105), (3, 144), (4, 93), (2, 105), (4, 95), (1, 119), (1, 126), (1, 126), (1, 143), (4, 92), (1, 127), (1, 128), (2, 94), (3, 122), (1, 115), (2, 128), (4, 133), (4, 136), (4, 137), (2, 108), (1, 137), (2, 113), (1, 121), (2, 130), (3, 133), (2, 133), (3, 117), (2, 104), (4, 132), (3, 139), (1, 132), (1, 112), (2, 116), (3, 138), (1, 123), (2, 103), (3, 136), (1, 128), (2, 98), (2, 111), (2, 116), (3, 132), (1, 121), (4, 99), (4, 115), (2, 113), (1, 125), (3, 122), (2, 108), (1, 125), (2, 102), (4, 124), (1, 115), (1, 116), (1, 120), (3, 134), (2, 117), (1, 110), (2, 120), (2, 103), (4, 120), (1, 146), (3, 134), (2, 144), (2, 125), (4, 140), (2, 104), (4, 149), (1, 135), (4, 127), (2, 123), (3, 149), (3, 169), (2, 111), (3, 189), (2, 111), (1, 115), (1, 175), (3, 157), (2, 132), (4, 134), (4, 141), (4, 142), (1, 160), (2, 118), (3, 165), (3, 167), (4, 157), (2, 132), (3, 163), (1, 141), (3, 142), (1, 158), (2, 147), (4, 117), (4, 126), (1, 133), (4, 134), (4, 109), (2, 111), (2, 112), (4, 125), (4, 127), (3, 129), (2, 110), (3, 140), (1, 118), (4, 124), (2, 116), (4, 136), (3, 146), (4, 119), (1, 139), (4, 145), (1, 141), (2, 144), (3, 184), (3, 189), (4, 112), (1, 176), (3, 138), (1, 132), (1, 113), (3, 148), (1, 138), (4, 125), (1, 113), (4, 123), (3, 136), (1, 143), (2, 126), (1, 118), (1, 123), (4, 130), (1, 121), (2, 113), (3, 152), (3, 152), (4, 151), (1, 131), (1, 108), (4, 122), (4, 122), (1, 139), (1, 146), (1, 148), (2, 111), (4, 123), (4, 127), (1, 119), (3, 175), (1, 119), (3, 131), (2, 112), (4, 110), (3, 134), (3, 138), (2, 126), (1, 136), (3, 159), (1, 144), (2, 122), (4, 110), (2, 129), (2, 102), (3, 147), (1, 129), (3, 157), (4, 145), (1, 139), (4, 146), (2, 101), (2, 102), (2, 110), (3, 211), (1, 136), (1, 153), (2, 112), (4, 122), (3, 127), (3, 141), (1, 128), (2, 149), (4, 112), (3, 148), (3, 132), (2, 138), (2, 143), (4, 133), (3, 153), (3, 160), (3, 172), (2, 136), (3, 181), (4, 108), (2, 114), (4, 108), (1, 139), (2, 117), (3, 151), (2, 135), (3, 148), (4, 116), (4, 121), (3, 134), (1, 141), (1, 129), (3, 127), (2, 157), (4, 144), (4, 145), (2, 145), (2, 119), (4, 156), (1, 119), (4, 131), (3, 153), (1, 138), (4, 120), (2, 126), (2, 128), (1, 122), (2, 137), (4, 132), (1, 139), (2, 130), (2, 135), (3, 139), (4, 109), (1, 127), (1, 133), (4, 127), (3, 151), (1, 155), (3, 174), (4, 164), (1, 131), (3, 180), (1, 131), (4, 112), (1, 118), (4, 117), (3, 154), (1, 134), (3, 138), (4, 109), (1, 131), (1, 140), (2, 130), (4, 113), (4, 128), (1, 133), (2, 154), (3, 143), (3, 152), (4, 112), (1, 141), (2, 134), (3, 153), (4, 121), (2, 119), (1, 132), (4, 121), (3, 139), (4, 126), (3, 147), (2, 132), (2, 116), (2, 125), (2, 141), (2, 128), (2, 132), (1, 140), (1, 132), (4, 139), (3, 134), (2, 125), (1, 137), (4, 115), (1, 133), (1, 138), (1, 138), (3, 170), (3, 172), (4, 156), (1, 135), (1, 142), (3, 207), (2, 163), (4, 140), (4, 130), (2, 130), (4, 133), (4, 135), (2, 143), (4, 120), (2, 132), (2, 112), (2, 113), (1, 126), (4, 149), (4, 166), (3, 141), (1, 129), (1, 134), (2, 147), (4, 142), (2, 150), (4, 134), (2, 171), (2, 196), (4, 125), (1, 157), (1, 165), (2, 127), (2, 132), (3, 161), (4, 145), (2, 125), (2, 130), (1, 140), (4, 128), (1, 155), (4, 140), (3, 204), (1, 128), (2, 136), (1, 136), (2, 140), (2, 124), (3, 153), (2, 131), (2, 146), (4, 140), (2, 148), (1, 143), (3, 188), (2, 117), (4, 126), (1, 127), (2, 135), (2, 122), (2, 127), (3, 214), (3, 218), (2, 132), (2, 126), (1, 144), (4, 151), (1, 142), (2, 138), (2, 139), (3, 140), (3, 166), (2, 134), (3, 153), (3, 165), (1, 124), (3, 147), (2, 155), (4, 185), (2, 155), (3, 179), (1, 155), (4, 139), (2, 144), (4, 146), (4, 151), (4, 130), (2, 152), (4, 134), (1, 134), (1, 134), (4, 149), (1, 145), (2, 137), (2, 155), (4, 140), (2, 156), (2, 160), (2, 171), (1, 132), (4, 151), (1, 143), (2, 183), (2, 147), (2, 155), (4, 150), (3, 140), (1, 181), (4, 128), (1, 190), (3, 157), (2, 153), (3, 166), (1, 136), (3, 153), (1, 130), (4, 147), (4, 155), (2, 130), (2, 131), (1, 156), (2, 143), (4, 134), (1, 144), (4, 138), (3, 191), (2, 115), (4, 144), (1, 155), (1, 129), (3, 158), (3, 159), (2, 164), (2, 121), (2, 135), (3, 152), (1, 145), (2, 117), (1, 131), (4, 151), (2, 170), (4, 151), (4, 151), (3, 165), (3, 166), (1, 149), (4, 147), (4, 149), (1, 150), (1, 142), (2, 125), (3, 220), (4, 149), (3, 177), (1, 144), (1, 137), (3, 156), (2, 136), (4, 129), (2, 137), (1, 152), (3, 184), (4, 132), (3, 202), (4, 139), (1, 141), (1, 136), (3, 154), (1, 132), (2, 133), (4, 152), (2, 125), (1, 147), (3, 157), (1, 143), (1, 131), (4, 143), (1, 142), (1, 149), (3, 149), (1, 141), (2, 147), (4, 140), (3, 167), (4, 130), (1, 141), (2, 145), (4, 138), (1, 169), (2, 123), (4, 138), (4, 140), (4, 142), (2, 134), (4, 134), (4, 140), (4, 144), (2, 122), (3, 180), (2, 143), (1, 125), (2, 125), (3, 154), (2, 126), (2, 126), (4, 133), (3, 165), (1, 154), (3, 174), (4, 161), (2, 160), (1, 148), (1, 154), (1, 128), (2, 119), (4, 147), (1, 136), (1, 145), (2, 143), (4, 133), (1, 132), (4, 139), (2, 135), (3, 160), (1, 152), (2, 133), (3, 172), (4, 134), (2, 148), (1, 178), (3, 179), (3, 189), (3, 168), (2, 134), (1, 135), (1, 139), (1, 138), (3, 171), (3, 157), (2, 126), (4, 140), (4, 145), (1, 140), (3, 151), (3, 158), (4, 157), (1, 147), (3, 165), (4, 131), (2, 132), (4, 130), (4, 132), (4, 144), (4, 151), (3, 187), (2, 161), (3, 194), (3, 200), (3, 158), (2, 136), (3, 163), (4, 143), (3, 165), (1, 167), (3, 155), (1, 170), (4, 146), (4, 142), (1, 151), (1, 156), (3, 194), (3, 197), (4, 182), (1, 131), (3, 180), (3, 153), (1, 144), (2, 126), (4, 153), (1, 133), (1, 177), (2, 139), (3, 175), (3, 169), (3, 175), (1, 151), (2, 158), (4, 150), (4, 158), (4, 160), (1, 134), (3, 171), (4, 144), (2, 141), (4, 156), (1, 143), (1, 149), (3, 149), (1, 159), (3, 159), (2, 140), (3, 159), (4, 178), (1, 135), (2, 173), (2, 135), (2, 138), (1, 145), (4, 153), (3, 194), (2, 142), (4, 157), (2, 126), (4, 146), (1, 158), (1, 143), (3, 156), (3, 156), (2, 139), (1, 148), (3, 166), (2, 134), (1, 137), (2, 148), (3, 158), (4, 148), (1, 137), (4, 143), (4, 149), (1, 140), (3, 179), (3, 185), (2, 124), (4, 152), (1, 148), (2, 128), (3, 161), (3, 166), (4, 147), (4, 158), (4, 159), (3, 158), (2, 147), (2, 157), (3, 164), (3, 166), (1, 230), (2, 171), (1, 154), (1, 158), (4, 145), (3, 167), (4, 156), (2, 144), (2, 148), (2, 145), (4, 186), (2, 150), (4, 143), (3, 187), (1, 167), (1, 158), (3, 164), (2, 167), (2, 168), (2, 169), (2, 150), (4, 178), (3, 174), (3, 175), (3, 175), (1, 161), (2, 147), (4, 158), (3, 190), (2, 168), (2, 185), (3, 167), (1, 155), (1, 157), (3, 177), (3, 154), (3, 158), (1, 155), (2, 171), (2, 137), (4, 146), (3, 152), (2, 154), (1, 144), (1, 146), (3, 173), (4, 152), (1, 149), (1, 152), (4, 151), (2, 199), (1, 148), (3, 189), (1, 151), (4, 140), (1, 143), (3, 161), (2, 145), (4, 156), (4, 149), (3, 156), (2, 155), (4, 179), (1, 161), (2, 152), (1, 143), (4, 150), (3, 152), (3, 154), (4, 155), (4, 148), (1, 180), (4, 156), (1, 186), (1, 187), (4, 173), (3, 153), (3, 160), (3, 162), (4, 155), (3, 166), (3, 163), (1, 146), (1, 157), (4, 157), (3, 160), (1, 154), (3, 169), (2, 145), (1, 147), (4, 163), (1, 162), (2, 162), (4, 150), (1, 142), (2, 154), (3, 160), (2, 158), (3, 174), (4, 144), (2, 144), (2, 161), (1, 161), (3, 160), (1, 151), (3, 157), (1, 143), (4, 147), (1, 144), (3, 176), (4, 184), (3, 169), (2, 159), (3, 147), (1, 158), (4, 156), (1, 168), (3, 155), (3, 173), (4, 160), (3, 186), (3, 186), (2, 165), (3, 194), (3, 194), (4, 170), (2, 172), (3, 170), (4, 164), (3, 154), (2, 215), (1, 148), (4, 172), (2, 168), (2, 145), (1, 152), (3, 175), (1, 156), (3, 167), (3, 177), (4, 164), (3, 196), (1, 149), (4, 215), (1, 162), (4, 224), (2, 162), (2, 166), (2, 161), (2, 162), (2, 152), (3, 190), (2, 173), (3, 199), (3, 152), (4, 149), (4, 154), (1, 153), (4, 168), (3, 159), (4, 178), (3, 172), (2, 171), (2, 165), (3, 164), (2, 154), (4, 166), (3, 172), (4, 150), (4, 157), (2, 171), (3, 185), (3, 192), (4, 178), (3, 194), (3, 157), (3, 185), (3, 186), (2, 164), (4, 162), (3, 172), (4, 168), (3, 179), (3, 197), (3, 176), (4, 164), (4, 160), (2, 152), (3, 174), (3, 154), (4, 175), (4, 152), (3, 154), (4, 180), (3, 160), (4, 165), (4, 150), (3, 165), (3, 152), (3, 180), (3, 199), (3, 160), (3, 154), (3, 150)]

 - NODO 1.
Precision: 0.455
Recall: 0.444
F1: 0.449
Se ha entrenado con 1000 muestras.
Se ha entrenado con 70695 prototipos.
Ha compartido 1000 veces.
Ha compartido 135816 prototipos a cada uno de los 1 vecino/s.
Tiempo de aprendizaje (muestras): 12.466755390167236
Tiempo de aprendizaje (prototipos): 195.85027048209278
Tiempo compartiendo prototipos: 11.138769626617432
Tiempo total: 215.13262820243835
Capacidad de ejecución: 360.965
ID, Tamaño de lotes recibidos: [(4, 1), (0, 1), (0, 4), (3, 17), (4, 15), (3, 26), (4, 29), (4, 22), (4, 36), (3, 45), (0, 41), (0, 42), (4, 56), (4, 61), (4, 62), (2, 41), (3, 70), (0, 71), (3, 71), (0, 41), (0, 49), (0, 62), (4, 43), (3, 76), (3, 76), (4, 53), (4, 53), (4, 54), (0, 56), (4, 46), (4, 61), (3, 92), (2, 63), (3, 111), (3, 111), (4, 57), (3, 150), (0, 81), (3, 93), (2, 62), (4, 71), (0, 72), (2, 75), (4, 65), (4, 81), (4, 81), (4, 83), (2, 67), (3, 92), (4, 107), (2, 66), (4, 107), (3, 114), (4, 77), (4, 88), (0, 86), (2, 89), (3, 133), (2, 95), (3, 157), (0, 120), (3, 112), (4, 110), (3, 90), (2, 83), (0, 87), (4, 110), (2, 68), (2, 83), (4, 86), (2, 88), (0, 90), (0, 91), (0, 103), (2, 75), (0, 104), (4, 88), (4, 88), (4, 88), (2, 79), (0, 114), (4, 86), (3, 135), (0, 99), (0, 90), (4, 91), (4, 82), (4, 93), (2, 84), (4, 85), (3, 101), (0, 105), (0, 81), (2, 84), (4, 84), (4, 85), (0, 94), (3, 109), (0, 102), (3, 111), (2, 118), (4, 87), (0, 145), (3, 110), (0, 155), (4, 88), (3, 127), (2, 78), (0, 105), (2, 86), (3, 157), (0, 157), (4, 86), (4, 104), (2, 127), (4, 116), (0, 103), (2, 104), (3, 152), (2, 126), (0, 108), (4, 114), (2, 105), (3, 122), (0, 103), (0, 89), (0, 92), (3, 121), (4, 117), (4, 97), (4, 99), (0, 111), (4, 118), (0, 109), (0, 91), (4, 103), (2, 130), (2, 137), (4, 115), (0, 92), (3, 120), (3, 127), (0, 93), (2, 111), (3, 131), (0, 128), (3, 106), (2, 113), (2, 109), (2, 120), (3, 132), (3, 124), (2, 105), (2, 107), (4, 114), (3, 149), (4, 114), (2, 101), (2, 100), (0, 111), (0, 112), (2, 109), (4, 111), (4, 119), (0, 109), (3, 116), (4, 131), (4, 103), (0, 129), (4, 103), (4, 93), (0, 117), (0, 126), (2, 116), (4, 124), (0, 105), (0, 123), (2, 109), (3, 138), (2, 115), (4, 98), (0, 102), (2, 113), (2, 101), (4, 115), (0, 113), (2, 107), (2, 109), (2, 106), (3, 130), (3, 127), (3, 134), (4, 108), (4, 118), (0, 100), (2, 128), (4, 99), (0, 98), (4, 115), (3, 120), (3, 145), (4, 124), (4, 125), (0, 102), (3, 131), (2, 115), (0, 128), (3, 150), (3, 135), (2, 101), (2, 103), (4, 116), (3, 125), (0, 113), (0, 130), (0, 101), (4, 106), (4, 110), (3, 160), (0, 108), (3, 138), (3, 148), (2, 107), (3, 155), (2, 109), (2, 114), (0, 123), (4, 104), (0, 102), (0, 118), (3, 123), (2, 115), (0, 148), (3, 132), (3, 134), (4, 115), (2, 142), (0, 153), (4, 133), (0, 159), (4, 140), (4, 124), (2, 121), (0, 134), (0, 139), (0, 154), (0, 155), (0, 157), (2, 109), (4, 127), (4, 123), (3, 154), (4, 134), (0, 114), (3, 131), (2, 112), (0, 166), (0, 166), (2, 103), (2, 105), (4, 107), (2, 109), (0, 127), (3, 164), (4, 124), (3, 139), (0, 104), (3, 160), (4, 167), (2, 144), (3, 128), (2, 147), (4, 181), (3, 144), (3, 137), (4, 122), (2, 123), (3, 163), (2, 112), (0, 118), (3, 160), (3, 131), (2, 127), (3, 139), (4, 116), (4, 124), (3, 145), (4, 126), (0, 122), (3, 157), (2, 135), (3, 155), (0, 165), (3, 131), (2, 116), (0, 120), (2, 126), (3, 147), (2, 108), (2, 119), (3, 134), (0, 190), (2, 134), (3, 155), (4, 119), (3, 127), (2, 118), (2, 134), (0, 128), (3, 159), (2, 123), (4, 123), (2, 130), (0, 134), (4, 122), (3, 155), (4, 110), (3, 140), (4, 114), (2, 119), (2, 123), (0, 132), (4, 127), (0, 145), (4, 132), (4, 107), (2, 113), (2, 114), (0, 127), (2, 127), (2, 128), (2, 128), (3, 175), (2, 123), (4, 150), (3, 144), (0, 112), (3, 157), (0, 148), (4, 115), (3, 202), (4, 123), (0, 181), (2, 119), (2, 132), (3, 152), (0, 128), (2, 143), (4, 123), (2, 166), (0, 174), (3, 151), (0, 128), (4, 115), (0, 157), (2, 115), (3, 141), (2, 125), (4, 127), (2, 127), (4, 109), (3, 173), (0, 139), (2, 123), (2, 126), (4, 135), (2, 134), (3, 162), (2, 120), (3, 151), (0, 135), (2, 133), (3, 182), (3, 188), (4, 124), (3, 133), (4, 137), (3, 131), (4, 142), (2, 128), (4, 127), (0, 181), (3, 170), (4, 108), (0, 115), (4, 122), (0, 128), (3, 130), (3, 137), (0, 137), (2, 135), (4, 113), (0, 117), (3, 181), (4, 114), (4, 108), (4, 123), (4, 131), (3, 152), (3, 161), (4, 122), (2, 124), (4, 127), (0, 123), (0, 126), (2, 138), (3, 152), (3, 154), (0, 130), (4, 143), (4, 150), (4, 156), (2, 141), (0, 178), (0, 152), (3, 124), (0, 169), (4, 127), (3, 137), (2, 141), (0, 132), (2, 125), (4, 113), (0, 122), (4, 113), (0, 140), (2, 144), (4, 139), (3, 141), (2, 136), (2, 136), (2, 132), (3, 147), (3, 147), (4, 145), (3, 151), (3, 164), (2, 155), (3, 187), (2, 115), (3, 196), (0, 122), (3, 147), (0, 160), (2, 122), (0, 174), (3, 150), (4, 129), (4, 139), (0, 146), (2, 114), (2, 126), (4, 116), (2, 115), (3, 147), (4, 124), (4, 131), (2, 131), (3, 156), (0, 133), (4, 164), (2, 122), (4, 130), (2, 150), (4, 138), (0, 134), (2, 197), (2, 145), (4, 136), (3, 163), (0, 135), (2, 115), (4, 122), (0, 142), (3, 160), (4, 133), (0, 157), (2, 171), (4, 118), (0, 129), (0, 135), (2, 113), (4, 120), (3, 137), (3, 139), (0, 130), (4, 126), (3, 150), (4, 122), (3, 167), (4, 123), (0, 123), (2, 146), (2, 130), (2, 143), (2, 154), (4, 126), (3, 167), (3, 169), (4, 121), (0, 133), (2, 132), (3, 150), (3, 159), (3, 165), (3, 188), (0, 144), (4, 115), (0, 156), (2, 117), (2, 135), (2, 142), (4, 142), (4, 115), (2, 127), (4, 150), (0, 142), (4, 159), (4, 126), (3, 158), (4, 139), (0, 127), (3, 140), (2, 133), (0, 134), (4, 180), (2, 140), (3, 204), (3, 141), (3, 146), (4, 149), (4, 152), (2, 137), (4, 163), (2, 125), (0, 129), (0, 144), (2, 143), (4, 183), (4, 141), (2, 154), (3, 142), (0, 158), (0, 162), (2, 146), (3, 135), (0, 179), (4, 145), (4, 160), (0, 134), (0, 147), (3, 159), (2, 144), (0, 138), (0, 142), (0, 131), (3, 157), (3, 159), (4, 134), (0, 156), (2, 136), (4, 147), (3, 179), (2, 154), (3, 145), (4, 128), (0, 142), (3, 174), (4, 156), (4, 157), (0, 126), (3, 188), (2, 129), (2, 143), (2, 122), (3, 162), (2, 157), (4, 145), (4, 165), (3, 150), (4, 138), (3, 156), (3, 160), (2, 158), (2, 117), (4, 136), (3, 156), (2, 127), (3, 155), (3, 187), (3, 193), (2, 135), (2, 137), (2, 127), (4, 134), (3, 158), (2, 159), (4, 152), (3, 196), (3, 143), (4, 133), (2, 140), (4, 148), (3, 150), (3, 145), (0, 152), (2, 122), (4, 133), (0, 167), (2, 142), (4, 136), (4, 139), (3, 210), (0, 140), (4, 130), (0, 188), (0, 131), (2, 130), (3, 160), (4, 156), (0, 165), (4, 145), (2, 150), (2, 151), (0, 180), (2, 123), (2, 130), (4, 147), (4, 143), (3, 162), (2, 123), (3, 150), (0, 153), (4, 152), (2, 128), (4, 136), (3, 174), (3, 186), (3, 187), (3, 194), (0, 160), (0, 162), (4, 138), (4, 142), (0, 154), (0, 130), (3, 154), (4, 149), (2, 136), (3, 173), (0, 147), (0, 133), (0, 145), (0, 146), (3, 188), (4, 145), (0, 138), (3, 162), (2, 129), (3, 157), (0, 145), (4, 147), (4, 152), (3, 160), (4, 138), (0, 141), (2, 143), (3, 204), (0, 153), (0, 154), (4, 129), (4, 143), (2, 148), (3, 155), (2, 140), (2, 121), (2, 123), (3, 168), (2, 142), (3, 153), (2, 143), (3, 156), (0, 127), (2, 128), (3, 170), (2, 130), (4, 130), (4, 136), (2, 123), (2, 144), (2, 122), (3, 154), (0, 151), (2, 158), (3, 169), (0, 162), (0, 166), (2, 147), (3, 174), (4, 142), (4, 143), (2, 128), (3, 182), (2, 134), (4, 139), (2, 132), (3, 151), (3, 155), (2, 136), (0, 160), (3, 173), (3, 199), (4, 147), (3, 171), (4, 150), (0, 163), (3, 177), (2, 123), (4, 151), (3, 191), (2, 140), (0, 187), (3, 177), (4, 140), (0, 146), (3, 168), (3, 153), (0, 157), (4, 146), (2, 133), (0, 196), (4, 157), (2, 153), (4, 153), (2, 155), (3, 152), (0, 140), (2, 132), (3, 161), (3, 164), (4, 138), (2, 129), (2, 136), (3, 176), (4, 158), (2, 125), (4, 163), (4, 168), (2, 133), (2, 137), (0, 152), (4, 157), (0, 135), (2, 157), (4, 142), (2, 130), (0, 138), (4, 175), (4, 178), (4, 141), (4, 142), (3, 169), (2, 139), (3, 196), (2, 139), (0, 156), (3, 166), (3, 183), (4, 164), (4, 166), (3, 176), (2, 133), (2, 145), (3, 179), (0, 139), (3, 164), (4, 144), (3, 159), (3, 162), (0, 147), (2, 134), (4, 155), (3, 163), (0, 168), (2, 131), (4, 171), (0, 184), (3, 159), (0, 186), (4, 169), (3, 172), (3, 178), (3, 192), (0, 144), (3, 179), (3, 186), (4, 137), (2, 130), (4, 155), (3, 165), (4, 166), (4, 169), (3, 179), (0, 149), (2, 144), (2, 165), (3, 169), (0, 157), (2, 163), (3, 166), (4, 146), (4, 149), (3, 190), (0, 150), (2, 180), (4, 174), (3, 183), (3, 171), (3, 172), (4, 159), (0, 149), (0, 150), (3, 173), (4, 168), (4, 162), (2, 175), (4, 164), (3, 157), (4, 162), (4, 152), (3, 154), (4, 158), (3, 178), (3, 161), (3, 164), (0, 154), (4, 162), (4, 160), (3, 165), (2, 154), (3, 152), (0, 151), (3, 155), (4, 169), (0, 159), (4, 167), (4, 185), (0, 156), (0, 149), (0, 152), (2, 141), (2, 139), (4, 147), (0, 184), (3, 168), (4, 152), (3, 166), (3, 158), (2, 156), (3, 150), (2, 154), (3, 167), (4, 161), (2, 168), (3, 158), (2, 168), (2, 146), (2, 157), (0, 157), (4, 156), (2, 145), (3, 159), (0, 144), (0, 158), (2, 151), (0, 162), (0, 156), (3, 179), (3, 168), (3, 160), (2, 151), (0, 154), (3, 149), (2, 164), (2, 144), (0, 176), (4, 169), (4, 166), (4, 149), (0, 170), (4, 164), (3, 147), (3, 151), (2, 147), (0, 147), (2, 147), (4, 159), (0, 156), (2, 151), (3, 176), (0, 159), (0, 151), (0, 141), (2, 182), (4, 181), (2, 208), (2, 217), (4, 167), (3, 191), (3, 163), (2, 153), (4, 151), (2, 164), (3, 172), (3, 179), (0, 139), (0, 143), (4, 149), (4, 153), (2, 186), (2, 154), (4, 203), (0, 170), (0, 166), (3, 166), (0, 150), (2, 153), (3, 161), (3, 166), (0, 144), (4, 206), (2, 171), (2, 147), (2, 147), (0, 148), (0, 155), (4, 166), (0, 145), (3, 189), (4, 175), (3, 192), (0, 162), (3, 154), (0, 167), (0, 169), (3, 163), (0, 151), (0, 152), (3, 173), (2, 158), (4, 180), (4, 154), (3, 152), (4, 173), (4, 163), (2, 153), (3, 161), (3, 177), (4, 152), (4, 167), (2, 159), (0, 176), (4, 174), (0, 185), (2, 182), (4, 168), (3, 188), (3, 213), (0, 151), (2, 152), (2, 173), (2, 151), (2, 155), (3, 171), (2, 155), (2, 153), (0, 146), (4, 152), (2, 176), (0, 154), (0, 152), (4, 149), (4, 149), (3, 179), (3, 156), (0, 156), (2, 186), (0, 175), (0, 184), (3, 158), (4, 151), (0, 167), (3, 166), (3, 177), (4, 163), (3, 181), (0, 152), (0, 166), (3, 179), (0, 155), (3, 177), (3, 153), (0, 167), (0, 156), (0, 152), (0, 154), (3, 159), (0, 151), (0, 159), (3, 213), (3, 173), (3, 174)]

 - NODO 2.
Precision: 0.46
Recall: 0.423
F1: 0.441
Se ha entrenado con 1000 muestras.
Se ha entrenado con 78455 prototipos.
Ha compartido 1000 veces.
Ha compartido 130017 prototipos a cada uno de los 1 vecino/s.
Tiempo de aprendizaje (muestras): 11.963301420211792
Tiempo de aprendizaje (prototipos): 205.06348535538203
Tiempo compartiendo prototipos: 11.061362504959106
Tiempo total: 224.93977308273315
Capacidad de ejecución: 382.589
ID, Tamaño de lotes recibidos: [(0, 2), (4, 4), (0, 5), (4, 15), (1, 7), (3, 37), (0, 20), (0, 43), (0, 34), (1, 41), (0, 34), (0, 39), (1, 25), (4, 47), (4, 51), (3, 59), (3, 37), (1, 46), (0, 54), (4, 37), (3, 71), (4, 55), (0, 94), (1, 59), (0, 48), (4, 43), (1, 114), (0, 72), (3, 67), (1, 51), (4, 49), (3, 88), (0, 58), (1, 92), (3, 85), (3, 91), (0, 55), (1, 90), (4, 73), (4, 91), (0, 96), (4, 74), (0, 71), (1, 73), (1, 85), (0, 96), (1, 100), (0, 75), (4, 103), (0, 84), (0, 106), (1, 103), (3, 79), (4, 112), (1, 122), (0, 64), (1, 96), (4, 83), (4, 86), (1, 121), (3, 110), (3, 125), (0, 113), (0, 80), (4, 88), (3, 116), (3, 113), (3, 118), (1, 105), (4, 81), (3, 96), (4, 76), (4, 82), (3, 104), (4, 84), (3, 111), (4, 81), (0, 120), (0, 92), (0, 98), (0, 96), (3, 106), (0, 113), (4, 98), (1, 102), (4, 77), (3, 146), (3, 146), (4, 94), (3, 109), (3, 119), (3, 103), (4, 104), (1, 106), (1, 109), (3, 97), (0, 120), (1, 102), (0, 151), (0, 101), (1, 95), (4, 92), (1, 112), (0, 115), (3, 127), (0, 118), (0, 127), (0, 130), (0, 147), (3, 99), (3, 111), (4, 96), (0, 91), (0, 105), (0, 99), (1, 108), (3, 104), (3, 115), (0, 96), (3, 118), (3, 123), (4, 88), (1, 126), (1, 161), (0, 147), (1, 110), (3, 126), (1, 108), (3, 101), (4, 96), (4, 104), (3, 125), (1, 111), (3, 136), (1, 135), (4, 98), (0, 112), (1, 118), (1, 115), (3, 105), (3, 117), (1, 107), (4, 95), (4, 101), (4, 120), (0, 103), (4, 122), (3, 155), (3, 166), (0, 92), (1, 124), (3, 129), (4, 98), (0, 105), (4, 100), (0, 92), (1, 120), (0, 107), (1, 134), (4, 91), (0, 105), (0, 109), (1, 133), (0, 134), (4, 102), (0, 106), (1, 109), (1, 121), (0, 132), (3, 156), (3, 129), (4, 95), (0, 111), (4, 111), (1, 116), (3, 161), (0, 124), (1, 106), (4, 130), (4, 99), (3, 122), (1, 142), (4, 106), (3, 124), (4, 102), (1, 128), (0, 108), (3, 149), (3, 114), (1, 126), (3, 126), (3, 137), (1, 125), (4, 104), (4, 109), (1, 119), (1, 129), (0, 118), (3, 134), (4, 112), (0, 102), (0, 103), (4, 109), (4, 92), (3, 128), (1, 110), (4, 115), (3, 136), (0, 110), (3, 141), (1, 120), (0, 113), (0, 102), (4, 110), (3, 126), (1, 118), (0, 144), (1, 124), (0, 128), (3, 123), (3, 125), (3, 152), (4, 111), (0, 136), (1, 126), (1, 128), (1, 146), (3, 123), (3, 135), (1, 137), (4, 107), (0, 116), (0, 118), (1, 133), (4, 116), (1, 122), (4, 120), (1, 138), (1, 125), (3, 124), (0, 146), (1, 150), (4, 101), (4, 116), (1, 122), (0, 138), (1, 138), (3, 134), (0, 147), (3, 140), (1, 136), (4, 130), (0, 133), (3, 184), (4, 113), (0, 133), (0, 137), (0, 131), (0, 133), (3, 136), (3, 152), (1, 145), (0, 117), (1, 149), (1, 161), (1, 129), (3, 133), (1, 136), (0, 106), (4, 132), (3, 135), (0, 128), (3, 132), (4, 113), (0, 124), (0, 127), (1, 112), (1, 115), (4, 139), (3, 138), (3, 156), (0, 123), (3, 135), (1, 153), (3, 132), (1, 127), (0, 139), (0, 145), (3, 149), (3, 138), (0, 183), (4, 131), (4, 136), (0, 129), (4, 107), (0, 123), (0, 123), (4, 132), (1, 114), (3, 140), (3, 155), (0, 156), (3, 137), (1, 138), (4, 111), (3, 138), (1, 172), (1, 174), (3, 127), (1, 133), (1, 139), (3, 153), (1, 135), (0, 140), (1, 110), (4, 125), (3, 129), (4, 115), (0, 125), (0, 154), (3, 132), (3, 133), (1, 133), (4, 119), (1, 113), (4, 130), (1, 118), (1, 120), (3, 149), (3, 134), (1, 132), (0, 133), (0, 147), (3, 152), (0, 149), (1, 127), (3, 134), (4, 126), (1, 116), (0, 143), (4, 130), (0, 140), (4, 118), (1, 141), (0, 120), (0, 136), (4, 145), (0, 138), (4, 148), (1, 137), (4, 133), (1, 113), (4, 123), (4, 128), (3, 127), (1, 128), (3, 153), (1, 154), (1, 138), (0, 133), (4, 108), (3, 145), (3, 149), (0, 121), (0, 123), (3, 150), (1, 155), (3, 201), (3, 218), (0, 187), (0, 187), (1, 142), (1, 157), (0, 123), (3, 145), (1, 142), (1, 142), (1, 145), (0, 118), (4, 119), (0, 124), (1, 144), (4, 106), (4, 133), (1, 132), (1, 129), (4, 116), (4, 129), (0, 138), (1, 131), (0, 108), (0, 135), (4, 131), (1, 151), (4, 128), (3, 144), (3, 156), (0, 120), (0, 134), (1, 153), (0, 117), (3, 125), (0, 127), (3, 158), (1, 120), (3, 152), (1, 120), (3, 131), (1, 133), (4, 142), (0, 136), (0, 123), (3, 140), (4, 118), (4, 110), (1, 122), (1, 138), (0, 137), (3, 177), (4, 134), (1, 125), (4, 129), (3, 158), (3, 157), (4, 128), (1, 122), (4, 129), (4, 140), (1, 130), (1, 121), (4, 164), (1, 124), (0, 179), (3, 152), (4, 127), (1, 140), (4, 113), (4, 120), (4, 131), (3, 155), (4, 132), (1, 132), (4, 116), (1, 157), (4, 135), (4, 138), (0, 147), (4, 145), (1, 146), (3, 152), (0, 174), (1, 142), (4, 122), (0, 136), (3, 159), (0, 150), (3, 170), (4, 172), (1, 144), (0, 141), (4, 119), (1, 126), (0, 160), (3, 142), (4, 130), (0, 135), (4, 116), (3, 154), (3, 158), (1, 147), (1, 147), (4, 156), (4, 163), (1, 151), (4, 133), (3, 155), (3, 157), (0, 133), (0, 145), (1, 151), (4, 115), (1, 167), (1, 146), (4, 143), (0, 140), (4, 138), (4, 119), (1, 140), (1, 144), (4, 129), (0, 135), (1, 168), (4, 138), (0, 130), (0, 146), (4, 126), (4, 112), (1, 134), (4, 123), (0, 140), (1, 136), (1, 154), (0, 136), (3, 145), (3, 147), (4, 146), (3, 150), (3, 185), (1, 148), (1, 128), (3, 207), (4, 151), (4, 119), (4, 131), (4, 137), (1, 128), (3, 238), (4, 128), (0, 143), (3, 153), (3, 153), (1, 128), (3, 158), (1, 142), (3, 148), (0, 136), (0, 138), (3, 172), (4, 219), (3, 190), (3, 197), (3, 205), (0, 149), (1, 133), (1, 140), (4, 147), (4, 163), (0, 122), (1, 138), (3, 178), (4, 175), (0, 145), (4, 148), (3, 141), (4, 139), (4, 146), (0, 141), (4, 129), (3, 146), (1, 154), (0, 150), (3, 163), (0, 164), (4, 130), (4, 138), (4, 146), (1, 127), (3, 185), (4, 141), (0, 135), (4, 130), (0, 133), (4, 146), (1, 142), (1, 147), (4, 144), (1, 133), (3, 150), (4, 140), (3, 163), (1, 137), (1, 138), (1, 138), (0, 164), (4, 142), (0, 167), (1, 152), (1, 131), (3, 161), (1, 131), (0, 149), (3, 209), (3, 215), (4, 144), (3, 152), (0, 178), (1, 148), (3, 156), (3, 177), (3, 182), (4, 141), (0, 136), (0, 144), (4, 156), (4, 147), (4, 150), (1, 141), (0, 170), (3, 174), (3, 177), (0, 185), (3, 210), (4, 142), (4, 152), (4, 129), (3, 179), (4, 134), (3, 158), (4, 131), (1, 139), (1, 139), (1, 142), (3, 168), (3, 151), (4, 152), (0, 188), (1, 138), (1, 149), (0, 137), (3, 161), (0, 153), (0, 134), (1, 144), (3, 171), (4, 141), (3, 174), (3, 155), (3, 155), (1, 143), (0, 154), (3, 152), (4, 140), (0, 159), (4, 150), (4, 140), (3, 183), (0, 151), (3, 190), (1, 144), (1, 146), (4, 129), (1, 164), (4, 130), (0, 156), (4, 146), (3, 158), (0, 152), (3, 168), (3, 149), (0, 174), (4, 132), (0, 138), (1, 139), (3, 201), (3, 204), (0, 154), (1, 163), (3, 155), (3, 159), (0, 159), (0, 162), (1, 156), (3, 168), (0, 145), (1, 144), (3, 154), (4, 156), (1, 140), (0, 141), (3, 152), (3, 159), (0, 132), (0, 134), (4, 140), (1, 141), (0, 133), (1, 150), (1, 147), (1, 148), (3, 153), (3, 158), (4, 147), (0, 150), (0, 134), (1, 136), (4, 143), (4, 149), (3, 172), (1, 141), (1, 143), (1, 145), (0, 148), (0, 140), (4, 164), (0, 153), (1, 145), (1, 147), (0, 169), (0, 176), (0, 175), (3, 162), (1, 182), (1, 136), (1, 138), (4, 138), (4, 147), (1, 134), (0, 175), (1, 142), (3, 200), (4, 180), (1, 154), (4, 155), (1, 146), (4, 155), (3, 164), (1, 136), (3, 167), (1, 145), (3, 155), (1, 154), (0, 177), (0, 184), (3, 196), (4, 144), (0, 199), (1, 155), (3, 151), (3, 155), (0, 161), (0, 163), (3, 157), (1, 145), (3, 154), (3, 157), (3, 164), (0, 150), (1, 149), (4, 157), (4, 151), (3, 171), (1, 152), (1, 163), (3, 159), (0, 137), (4, 142), (0, 139), (3, 192), (4, 150), (4, 152), (0, 140), (0, 147), (1, 148), (3, 172), (0, 137), (4, 180), (3, 180), (3, 183), (0, 161), (0, 170), (0, 172), (3, 158), (3, 164), (0, 138), (4, 155), (0, 144), (1, 132), (4, 169), (1, 151), (0, 142), (1, 139), (0, 156), (3, 167), (1, 150), (3, 152), (3, 153), (0, 142), (1, 159), (4, 145), (3, 178), (0, 140), (0, 166), (3, 159), (3, 168), (1, 188), (1, 192), (1, 194), (4, 163), (3, 154), (1, 151), (1, 151), (0, 151), (0, 141), (1, 164), (3, 163), (4, 150), (3, 169), (0, 165), (0, 169), (0, 155), (1, 144), (4, 155), (3, 180), (4, 151), (0, 146), (1, 163), (0, 149), (4, 165), (1, 155), (3, 182), (4, 178), (4, 181), (1, 162), (3, 162), (0, 143), (1, 164), (4, 160), (1, 148), (3, 166), (4, 164), (0, 152), (4, 152), (1, 145), (4, 140), (0, 167), (1, 150), (0, 154), (0, 145), (4, 185), (4, 141), (3, 166), (3, 152), (3, 153), (4, 155), (3, 161), (0, 172), (3, 161), (4, 146), (1, 164), (0, 185), (3, 150), (1, 157), (3, 166), (0, 152), (4, 157), (1, 155), (4, 162), (4, 166), (0, 163), (1, 156), (1, 146), (0, 142), (0, 160), (0, 151), (3, 170), (1, 167), (3, 164), (3, 170), (0, 151), (4, 174), (3, 158), (1, 181), (1, 151), (3, 157), (0, 147), (1, 149), (1, 152), (4, 154), (1, 154), (4, 143), (1, 160), (3, 172), (1, 139), (1, 141), (1, 156), (1, 157), (0, 160), (4, 163), (1, 171), (4, 177), (0, 148), (3, 163), (1, 148), (0, 172), (1, 156), (3, 155), (4, 189), (3, 176), (3, 194), (0, 155), (1, 148), (3, 183), (0, 143), (4, 154), (4, 159), (3, 179), (4, 182), (0, 140), (3, 181), (4, 160), (0, 140), (4, 144), (1, 144), (1, 160), (3, 205), (1, 158), (1, 159), (4, 220), (3, 164), (3, 179), (0, 163), (4, 159), (4, 171), (0, 157), (0, 162), (4, 169), (1, 143), (0, 146), (0, 150), (1, 151), (0, 165), (4, 175), (4, 151), (3, 163), (4, 164), (0, 150), (3, 171), (1, 183), (0, 141), (0, 149), (4, 161), (3, 152), (4, 166), (0, 177), (0, 184), (4, 178), (4, 152), (3, 157), (4, 158), (3, 160), (3, 163), (0, 155), (0, 161), (4, 154), (0, 169), (0, 173), (4, 166), (4, 172), (0, 146), (3, 156), (4, 179), (4, 155), (0, 146), (4, 172), (4, 174), (3, 155), (4, 164), (0, 164), (0, 162), (4, 167), (4, 167), (0, 153), (3, 177), (0, 164), (3, 154), (0, 175), (4, 169), (0, 149), (0, 165), (3, 182), (0, 152), (0, 163), (3, 153), (0, 152), (3, 164), (0, 174), (3, 171), (3, 153), (3, 154), (3, 173), (3, 196)]

 - NODO 3.
Precision: 0.471
Recall: 0.432
F1: 0.451
Se ha entrenado con 1000 muestras.
Se ha entrenado con 77517 prototipos.
Ha compartido 1000 veces.
Ha compartido 152603 prototipos a cada uno de los 1 vecino/s.
Tiempo de aprendizaje (muestras): 12.577056646347046
Tiempo de aprendizaje (prototipos): 212.8830181238718
Tiempo compartiendo prototipos: 10.667989492416382
Tiempo total: 232.08539962768555
Capacidad de ejecución: 364.13
ID, Tamaño de lotes recibidos: [(0, 3), (1, 4), (0, 3), (0, 3), (1, 5), (4, 8), (0, 13), (1, 18), (1, 25), (2, 19), (4, 24), (2, 29), (4, 28), (1, 41), (4, 34), (1, 28), (4, 37), (1, 30), (2, 45), (1, 41), (2, 49), (1, 43), (4, 63), (2, 40), (2, 47), (4, 57), (0, 51), (0, 60), (0, 72), (2, 83), (0, 57), (2, 68), (0, 81), (1, 94), (2, 52), (0, 73), (4, 68), (4, 69), (1, 110), (2, 53), (4, 57), (4, 66), (1, 117), (0, 85), (4, 66), (0, 80), (2, 65), (2, 72), (2, 71), (4, 108), (2, 81), (0, 88), (4, 119), (2, 69), (4, 82), (0, 106), (4, 75), (4, 87), (4, 91), (0, 85), (4, 76), (1, 112), (4, 81), (2, 89), (2, 89), (1, 99), (0, 103), (4, 110), (4, 110), (2, 83), (4, 110), (2, 66), (0, 98), (2, 80), (0, 107), (1, 106), (2, 76), (0, 101), (0, 100), (0, 100), (0, 96), (2, 66), (4, 85), (0, 116), (2, 70), (4, 78), (0, 95), (2, 88), (1, 115), (2, 92), (0, 115), (4, 92), (4, 94), (2, 102), (0, 113), (4, 89), (1, 115), (0, 104), (0, 93), (1, 100), (4, 104), (2, 86), (0, 146), (2, 91), (0, 101), (1, 103), (4, 86), (2, 89), (0, 131), (1, 141), (4, 86), (4, 96), (2, 124), (0, 116), (0, 111), (0, 118), (2, 103), (0, 93), (0, 122), (1, 159), (0, 146), (2, 96), (1, 122), (0, 100), (2, 102), (4, 100), (1, 104), (2, 105), (1, 114), (4, 102), (0, 113), (1, 103), (2, 115), (4, 85), (4, 89), (0, 114), (4, 104), (2, 95), (1, 116), (1, 128), (4, 91), (0, 104), (4, 99), (2, 107), (1, 97), (1, 99), (4, 95), (1, 120), (2, 107), (0, 117), (2, 118), (4, 99), (2, 133), (2, 137), (1, 140), (1, 143), (4, 95), (0, 107), (4, 93), (0, 93), (0, 107), (4, 105), (1, 105), (1, 119), (4, 116), (0, 110), (1, 103), (4, 120), (4, 106), (1, 146), (2, 117), (2, 120), (4, 95), (0, 123), (1, 136), (1, 120), (1, 114), (1, 114), (4, 108), (0, 109), (1, 117), (0, 129), (1, 134), (4, 100), (2, 106), (4, 96), (4, 113), (1, 140), (1, 119), (0, 104), (1, 115), (2, 98), (2, 109), (4, 100), (1, 147), (1, 163), (0, 120), (2, 96), (2, 95), (2, 115), (4, 101), (2, 114), (2, 91), (0, 110), (4, 117), (0, 114), (0, 111), (0, 122), (2, 115), (1, 140), (4, 118), (0, 111), (1, 142), (2, 112), (2, 106), (4, 105), (4, 110), (2, 114), (2, 101), (1, 130), (1, 112), (4, 110), (1, 123), (1, 124), (1, 120), (4, 116), (1, 118), (1, 107), (2, 113), (1, 158), (0, 113), (4, 115), (2, 107), (2, 108), (2, 118), (4, 122), (0, 124), (2, 112), (1, 142), (0, 119), (4, 116), (0, 104), (4, 124), (1, 134), (1, 125), (1, 120), (4, 116), (0, 155), (4, 146), (0, 122), (0, 128), (1, 128), (4, 131), (0, 113), (1, 122), (2, 113), (2, 128), (0, 123), (2, 134), (0, 138), (0, 123), (2, 128), (1, 117), (4, 118), (1, 125), (4, 123), (2, 108), (2, 121), (1, 127), (2, 116), (1, 135), (1, 141), (1, 145), (2, 106), (4, 133), (4, 138), (2, 123), (2, 125), (4, 142), (2, 118), (1, 126), (4, 117), (0, 119), (1, 149), (2, 102), (1, 116), (1, 118), (0, 124), (0, 124), (0, 128), (2, 102), (0, 130), (0, 122), (2, 138), (1, 154), (4, 172), (2, 111), (1, 137), (0, 122), (2, 127), (1, 109), (4, 132), (2, 125), (0, 151), (4, 120), (1, 139), (0, 134), (1, 144), (0, 173), (1, 120), (1, 132), (0, 190), (2, 115), (1, 128), (0, 155), (4, 124), (4, 125), (1, 147), (0, 149), (4, 107), (1, 130), (1, 122), (2, 118), (0, 148), (0, 120), (4, 106), (4, 120), (1, 126), (4, 108), (2, 132), (4, 121), (1, 135), (4, 125), (1, 143), (4, 109), (2, 145), (1, 170), (2, 122), (1, 118), (2, 126), (1, 127), (0, 128), (1, 137), (2, 118), (0, 124), (0, 128), (2, 111), (0, 126), (1, 132), (2, 103), (0, 153), (1, 148), (0, 158), (1, 132), (4, 144), (0, 189), (2, 179), (4, 124), (4, 133), (2, 131), (4, 113), (4, 116), (4, 125), (1, 127), (2, 126), (2, 115), (2, 127), (4, 127), (4, 118), (1, 139), (2, 131), (1, 124), (1, 135), (4, 132), (2, 133), (1, 157), (0, 146), (0, 157), (1, 145), (1, 125), (1, 127), (2, 133), (4, 136), (2, 141), (4, 124), (2, 156), (1, 171), (4, 137), (0, 131), (0, 147), (0, 168), (2, 133), (2, 113), (4, 113), (0, 195), (4, 119), (2, 126), (1, 127), (2, 125), (2, 136), (1, 133), (2, 127), (4, 151), (1, 119), (2, 128), (0, 160), (1, 127), (0, 170), (1, 140), (0, 138), (2, 144), (2, 150), (1, 135), (2, 154), (4, 135), (0, 136), (2, 130), (0, 162), (2, 143), (1, 123), (0, 136), (0, 150), (1, 166), (1, 143), (0, 129), (4, 141), (4, 131), (0, 179), (2, 125), (4, 122), (0, 153), (4, 136), (0, 135), (4, 119), (1, 153), (0, 140), (1, 135), (1, 138), (2, 150), (2, 154), (1, 127), (0, 158), (0, 130), (4, 131), (1, 136), (0, 129), (4, 139), (1, 142), (2, 127), (1, 145), (4, 118), (4, 115), (2, 132), (1, 129), (0, 147), (0, 151), (2, 114), (0, 138), (2, 116), (2, 150), (4, 127), (2, 169), (2, 176), (2, 190), (2, 196), (0, 126), (2, 117), (0, 139), (2, 132), (4, 138), (4, 120), (2, 148), (1, 130), (4, 122), (2, 162), (0, 157), (4, 127), (0, 139), (2, 124), (2, 135), (1, 136), (1, 121), (4, 133), (1, 153), (4, 122), (0, 144), (0, 150), (1, 166), (4, 138), (4, 131), (4, 136), (2, 131), (2, 134), (4, 141), (0, 155), (0, 167), (1, 152), (1, 124), (0, 147), (4, 121), (4, 121), (2, 125), (2, 126), (4, 133), (1, 146), (2, 140), (2, 128), (1, 163), (2, 119), (1, 193), (2, 140), (1, 126), (1, 127), (4, 204), (1, 127), (4, 153), (2, 149), (1, 141), (0, 137), (0, 145), (0, 150), (0, 130), (0, 136), (1, 129), (4, 168), (2, 133), (1, 139), (2, 139), (4, 149), (1, 152), (1, 159), (4, 147), (2, 137), (4, 127), (0, 169), (0, 175), (0, 142), (4, 171), (4, 175), (4, 144), (4, 151), (2, 122), (1, 132), (4, 143), (2, 129), (1, 140), (4, 130), (2, 126), (0, 147), (2, 143), (4, 132), (1, 137), (0, 132), (1, 132), (4, 128), (2, 152), (4, 139), (2, 158), (1, 137), (1, 150), (0, 137), (1, 147), (2, 144), (0, 153), (1, 133), (2, 141), (0, 139), (0, 149), (0, 144), (4, 129), (2, 118), (1, 148), (4, 159), (2, 134), (2, 128), (2, 139), (4, 143), (4, 145), (1, 150), (2, 144), (4, 131), (1, 155), (2, 150), (0, 138), (2, 157), (0, 140), (2, 144), (2, 150), (0, 144), (0, 170), (0, 170), (4, 155), (1, 138), (0, 184), (0, 184), (1, 156), (2, 151), (1, 138), (4, 134), (2, 169), (1, 153), (0, 184), (0, 145), (2, 130), (0, 164), (0, 166), (2, 141), (1, 142), (1, 146), (4, 148), (2, 135), (0, 169), (4, 148), (2, 163), (2, 167), (4, 134), (1, 153), (4, 140), (0, 163), (0, 153), (4, 129), (0, 159), (2, 139), (4, 132), (0, 134), (2, 144), (2, 123), (1, 177), (1, 140), (2, 145), (4, 135), (1, 144), (2, 142), (4, 154), (2, 137), (0, 134), (0, 150), (2, 120), (0, 153), (1, 138), (0, 131), (1, 141), (4, 131), (2, 116), (2, 131), (0, 179), (1, 137), (0, 138), (4, 171), (0, 164), (2, 132), (2, 139), (0, 141), (4, 130), (4, 147), (4, 150), (2, 135), (0, 141), (2, 137), (1, 137), (4, 134), (0, 160), (2, 121), (1, 131), (2, 131), (2, 140), (1, 129), (2, 159), (0, 142), (1, 139), (4, 132), (2, 123), (1, 153), (0, 154), (1, 133), (0, 132), (4, 163), (0, 143), (4, 166), (0, 156), (4, 154), (4, 161), (1, 134), (0, 162), (0, 139), (2, 135), (4, 137), (1, 144), (2, 148), (2, 131), (0, 144), (0, 147), (1, 147), (4, 184), (0, 146), (1, 164), (2, 152), (2, 161), (1, 175), (1, 176), (1, 185), (1, 136), (2, 176), (4, 163), (0, 158), (1, 156), (2, 135), (0, 179), (2, 156), (0, 165), (1, 154), (1, 148), (2, 140), (4, 158), (4, 170), (1, 154), (4, 144), (4, 135), (1, 150), (2, 125), (1, 132), (2, 130), (4, 150), (1, 137), (1, 147), (4, 162), (4, 143), (4, 144), (1, 176), (1, 150), (4, 141), (0, 160), (4, 162), (2, 133), (2, 135), (1, 134), (4, 146), (2, 137), (2, 137), (2, 134), (4, 155), (1, 140), (1, 147), (2, 172), (2, 172), (1, 152), (2, 126), (2, 159), (4, 147), (1, 149), (1, 150), (2, 126), (0, 133), (1, 135), (4, 175), (0, 139), (2, 130), (1, 157), (2, 141), (4, 152), (0, 150), (4, 137), (0, 161), (2, 126), (1, 153), (4, 143), (0, 157), (0, 147), (0, 151), (0, 141), (0, 145), (0, 157), (0, 159), (4, 156), (0, 158), (2, 129), (4, 157), (2, 127), (2, 134), (2, 135), (4, 149), (4, 140), (0, 170), (2, 146), (4, 156), (2, 128), (0, 178), (0, 143), (0, 143), (1, 177), (4, 143), (0, 149), (1, 205), (1, 205), (0, 162), (4, 160), (2, 130), (1, 239), (1, 147), (4, 155), (0, 161), (0, 165), (0, 140), (1, 166), (2, 158), (2, 131), (1, 143), (1, 154), (1, 160), (4, 153), (0, 164), (4, 159), (4, 148), (2, 144), (2, 155), (0, 165), (2, 177), (1, 163), (0, 160), (4, 145), (1, 149), (4, 151), (4, 153), (1, 147), (0, 152), (4, 181), (2, 206), (1, 146), (2, 149), (1, 151), (0, 163), (0, 163), (1, 162), (1, 146), (2, 154), (1, 152), (4, 158), (4, 160), (2, 170), (0, 149), (4, 150), (1, 174), (4, 147), (0, 146), (2, 150), (1, 155), (1, 148), (1, 164), (0, 166), (4, 149), (0, 140), (2, 158), (1, 159), (4, 154), (2, 155), (4, 143), (1, 155), (2, 139), (4, 156), (2, 153), (1, 149), (1, 152), (1, 168), (0, 158), (2, 164), (0, 159), (0, 160), (4, 153), (2, 154), (4, 162), (4, 163), (1, 144), (0, 158), (2, 155), (2, 148), (4, 144), (1, 178), (0, 142), (1, 159), (1, 140), (2, 155), (4, 152), (1, 145), (2, 158), (0, 148), (2, 142), (4, 149), (0, 153), (1, 165), (1, 148), (1, 152), (2, 167), (1, 162), (1, 163), (4, 166), (2, 154), (4, 174), (1, 141), (1, 152), (0, 146), (4, 178), (4, 173), (1, 150), (2, 161), (1, 151), (0, 152), (2, 143), (1, 166), (4, 178), (2, 160), (0, 155), (0, 165), (4, 183), (4, 190), (2, 153), (2, 147), (4, 189), (4, 148), (2, 148), (2, 148), (2, 150), (1, 156), (2, 158), (2, 159), (4, 145), (4, 177), (1, 161), (4, 162), (2, 167), (4, 169), (1, 152), (0, 142), (4, 168), (0, 159), (1, 146), (4, 177), (4, 179), (0, 163), (0, 141), (2, 166), (4, 155), (2, 169), (1, 142), (2, 155), (4, 153), (1, 156), (2, 155), (1, 140), (2, 164), (1, 146), (1, 161), (2, 179), (0, 149), (1, 157), (0, 155), (2, 161), (2, 164), (1, 150), (2, 150), (0, 151), (1, 150), (0, 141), (1, 145), (1, 159), (1, 162), (4, 208), (4, 161), (1, 143), (0, 169), (1, 143), (2, 169), (0, 155), (2, 164), (4, 167), (4, 168), (1, 157), (1, 167), (1, 168), (4, 166), (1, 172), (0, 145), (0, 145), (4, 168), (0, 150), (4, 174), (0, 158), (0, 160), (4, 150), (0, 151), (4, 150), (0, 151), (2, 149), (0, 160), (0, 152), (4, 166), (2, 153), (2, 162), (2, 159), (0, 158), (0, 159), (2, 166), (4, 153), (4, 160), (4, 178), (4, 174), (2, 156), (2, 153), (2, 155), (4, 205), (0, 153), (2, 176), (2, 154), (4, 167), (2, 176), (0, 153), (0, 147), (4, 168), (2, 153), (4, 157), (0, 145), (0, 144), (0, 167)]

 - NODO 4.
Precision: 0.432
Recall: 0.395
F1: 0.413
Se ha entrenado con 1000 muestras.
Se ha entrenado con 78144 prototipos.
Ha compartido 1000 veces.
Ha compartido 131579 prototipos a cada uno de los 1 vecino/s.
Tiempo de aprendizaje (muestras): 14.018211364746094
Tiempo de aprendizaje (prototipos): 205.83791677607422
Tiempo compartiendo prototipos: 11.228220701217651
Tiempo total: 226.52626705169678
Capacidad de ejecución: 379.639
ID, Tamaño de lotes recibidos: [(2, 1), (1, 3), (1, 3), (2, 3), (0, 4), (0, 11), (3, 12), (2, 9), (2, 9), (2, 19), (0, 19), (1, 27), (0, 20), (2, 27), (1, 40), (1, 40), (2, 41), (1, 29), (3, 68), (3, 39), (0, 46), (3, 69), (2, 33), (3, 70), (1, 77), (0, 77), (1, 92), (3, 71), (3, 71), (3, 76), (0, 57), (0, 64), (3, 77), (0, 56), (3, 64), (2, 76), (3, 65), (3, 67), (0, 57), (3, 68), (3, 73), (0, 63), (1, 95), (0, 82), (2, 53), (3, 154), (0, 86), (2, 70), (2, 75), (2, 90), (1, 72), (1, 106), (1, 106), (2, 82), (3, 110), (1, 83), (1, 117), (1, 91), (1, 92), (3, 134), (0, 72), (2, 80), (1, 110), (3, 110), (0, 80), (0, 89), (3, 170), (1, 123), (2, 79), (0, 109), (0, 113), (2, 76), (2, 76), (0, 108), (3, 95), (1, 100), (3, 115), (3, 116), (2, 74), (3, 129), (1, 109), (2, 79), (0, 115), (3, 118), (2, 101), (2, 84), (1, 112), (3, 150), (3, 118), (0, 103), (0, 84), (3, 126), (0, 89), (3, 110), (0, 101), (0, 86), (2, 76), (0, 100), (3, 100), (2, 97), (1, 101), (3, 109), (3, 110), (1, 93), (0, 112), (0, 115), (1, 101), (3, 153), (3, 159), (2, 92), (3, 125), (1, 119), (0, 94), (3, 135), (1, 106), (1, 110), (3, 153), (2, 104), (1, 117), (3, 130), (2, 131), (1, 96), (0, 116), (0, 119), (2, 112), (0, 117), (2, 100), (2, 102), (3, 136), (3, 140), (2, 120), (2, 101), (2, 108), (0, 98), (0, 104), (1, 95), (1, 104), (1, 105), (0, 96), (0, 105), (1, 125), (1, 106), (1, 115), (2, 117), (0, 114), (0, 113), (2, 98), (2, 126), (1, 115), (2, 134), (1, 144), (3, 108), (3, 130), (1, 116), (2, 112), (2, 95), (1, 130), (0, 125), (3, 104), (1, 145), (0, 99), (0, 100), (0, 109), (0, 131), (0, 103), (0, 114), (2, 115), (3, 123), (0, 117), (1, 115), (0, 117), (2, 132), (0, 119), (1, 140), (2, 99), (1, 113), (0, 113), (1, 138), (0, 101), (3, 128), (0, 123), (1, 124), (2, 101), (3, 149), (0, 130), (0, 111), (3, 132), (0, 111), (1, 124), (2, 102), (0, 104), (1, 129), (2, 112), (1, 144), (1, 148), (3, 120), (2, 95), (1, 108), (1, 141), (1, 149), (2, 99), (0, 107), (1, 112), (0, 114), (3, 131), (2, 111), (0, 125), (2, 96), (1, 133), (0, 105), (3, 146), (1, 109), (1, 121), (0, 144), (2, 101), (1, 133), (1, 109), (0, 102), (3, 128), (0, 122), (2, 118), (1, 131), (1, 126), (1, 134), (3, 147), (1, 156), (3, 121), (0, 124), (1, 137), (0, 122), (1, 140), (0, 113), (0, 108), (2, 108), (3, 140), (0, 155), (3, 149), (3, 153), (0, 144), (2, 120), (0, 113), (1, 168), (3, 142), (3, 135), (2, 113), (1, 152), (3, 150), (3, 133), (2, 127), (1, 121), (2, 103), (1, 131), (3, 149), (3, 151), (1, 141), (2, 113), (3, 179), (1, 132), (2, 115), (2, 103), (3, 145), (0, 145), (3, 142), (0, 166), (2, 129), (3, 128), (2, 115), (0, 131), (0, 112), (0, 104), (1, 131), (2, 116), (1, 117), (1, 149), (0, 105), (1, 155), (1, 137), (3, 135), (1, 131), (2, 122), (3, 139), (1, 110), (3, 150), (3, 156), (2, 145), (0, 162), (0, 163), (2, 135), (1, 116), (3, 134), (1, 114), (1, 141), (0, 137), (3, 149), (2, 119), (1, 140), (3, 140), (2, 120), (3, 126), (2, 130), (0, 147), (0, 159), (2, 117), (2, 120), (3, 127), (3, 150), (3, 143), (3, 145), (2, 106), (3, 172), (3, 194), (2, 114), (0, 142), (1, 151), (1, 173), (3, 146), (2, 125), (1, 129), (2, 127), (1, 123), (3, 163), (2, 126), (2, 104), (3, 156), (1, 133), (0, 125), (1, 143), (3, 195), (0, 170), (1, 135), (2, 125), (0, 119), (2, 127), (1, 175), (1, 124), (3, 140), (2, 132), (0, 140), (1, 124), (0, 114), (0, 111), (2, 125), (3, 155), (0, 138), (1, 138), (3, 154), (2, 110), (3, 127), (0, 135), (1, 133), (1, 141), (2, 133), (1, 149), (1, 124), (2, 129), (2, 130), (0, 109), (1, 131), (1, 134), (2, 158), (3, 140), (1, 139), (3, 130), (1, 139), (3, 137), (1, 117), (2, 123), (2, 135), (3, 151), (0, 144), (1, 137), (2, 138), (2, 129), (3, 136), (0, 142), (3, 139), (3, 176), (1, 125), (0, 118), (1, 125), (0, 136), (1, 128), (0, 145), (1, 123), (0, 135), (3, 130), (2, 168), (2, 174), (1, 139), (2, 175), (0, 155), (3, 128), (0, 162), (1, 142), (0, 179), (1, 127), (2, 124), (2, 147), (1, 121), (2, 132), (0, 165), (1, 141), (0, 176), (0, 151), (1, 140), (0, 147), (0, 134), (2, 133), (3, 154), (0, 149), (3, 150), (2, 139), (0, 127), (1, 134), (3, 137), (3, 140), (2, 139), (3, 128), (1, 141), (2, 138), (2, 141), (0, 130), (3, 149), (3, 138), (0, 150), (1, 140), (0, 151), (0, 144), (0, 152), (1, 138), (2, 144), (3, 145), (2, 158), (2, 116), (3, 160), (0, 175), (1, 136), (3, 158), (3, 160), (0, 152), (2, 125), (2, 127), (0, 152), (0, 136), (1, 140), (3, 135), (3, 129), (2, 159), (3, 129), (0, 145), (3, 138), (0, 129), (2, 187), (0, 157), (3, 153), (3, 173), (1, 137), (2, 169), (1, 129), (1, 135), (3, 151), (2, 136), (0, 155), (3, 182), (2, 129), (3, 137), (0, 133), (0, 134), (0, 142), (2, 160), (0, 127), (1, 154), (3, 175), (1, 120), (3, 204), (3, 211), (3, 212), (2, 125), (2, 137), (0, 121), (0, 126), (0, 129), (0, 122), (2, 135), (3, 159), (2, 115), (2, 124), (2, 116), (1, 136), (1, 127), (2, 163), (1, 137), (2, 171), (0, 141), (1, 153), (1, 161), (3, 209), (2, 149), (0, 151), (3, 157), (0, 147), (1, 180), (3, 161), (0, 158), (2, 145), (1, 129), (0, 168), (0, 173), (1, 137), (2, 122), (3, 159), (1, 126), (1, 128), (0, 140), (2, 118), (2, 140), (3, 154), (3, 156), (2, 116), (0, 132), (3, 189), (3, 189), (2, 136), (3, 192), (2, 114), (0, 139), (3, 153), (2, 125), (1, 135), (3, 164), (1, 141), (1, 131), (1, 152), (0, 166), (2, 132), (2, 136), (2, 138), (1, 139), (1, 151), (1, 156), (0, 145), (1, 151), (2, 116), (3, 146), (3, 162), (3, 146), (0, 147), (3, 209), (1, 146), (0, 161), (1, 150), (2, 138), (2, 139), (0, 170), (2, 129), (2, 131), (1, 178), (1, 133), (0, 183), (3, 171), (3, 177), (0, 145), (2, 147), (1, 159), (3, 152), (0, 153), (3, 166), (2, 135), (1, 146), (1, 135), (3, 172), (2, 122), (1, 158), (2, 126), (2, 136), (1, 168), (2, 154), (3, 205), (3, 211), (0, 131), (0, 137), (0, 159), (0, 174), (0, 181), (3, 149), (1, 130), (2, 140), (1, 138), (1, 142), (0, 146), (1, 132), (1, 142), (0, 177), (1, 153), (1, 134), (3, 168), (0, 144), (0, 145), (0, 130), (3, 166), (0, 153), (0, 153), (2, 136), (0, 175), (2, 121), (1, 175), (0, 146), (2, 135), (1, 134), (2, 141), (1, 140), (3, 164), (1, 146), (1, 133), (3, 159), (1, 135), (2, 122), (1, 140), (0, 149), (1, 129), (1, 138), (0, 129), (1, 136), (1, 138), (0, 145), (3, 165), (1, 162), (1, 170), (1, 155), (1, 135), (1, 141), (1, 156), (2, 139), (0, 135), (3, 158), (2, 142), (1, 139), (3, 167), (0, 129), (1, 130), (0, 151), (1, 130), (0, 133), (1, 143), (0, 141), (0, 127), (2, 168), (1, 175), (0, 145), (3, 184), (3, 155), (2, 128), (2, 130), (0, 153), (3, 179), (1, 141), (0, 146), (1, 147), (1, 132), (0, 153), (3, 172), (2, 159), (3, 156), (0, 168), (0, 141), (1, 152), (0, 132), (1, 137), (3, 166), (3, 167), (0, 144), (2, 136), (2, 146), (3, 152), (3, 157), (1, 138), (2, 160), (1, 159), (1, 175), (2, 163), (2, 170), (3, 170), (3, 159), (3, 163), (0, 146), (1, 138), (3, 196), (3, 199), (2, 156), (2, 160), (3, 173), (1, 146), (2, 129), (0, 135), (0, 139), (2, 139), (3, 191), (3, 203), (0, 192), (1, 139), (0, 139), (1, 152), (0, 142), (2, 156), (0, 158), (1, 156), (2, 140), (1, 134), (1, 136), (1, 140), (0, 138), (3, 158), (1, 145), (0, 166), (3, 157), (0, 147), (1, 131), (3, 148), (2, 160), (0, 163), (0, 142), (0, 163), (3, 158), (0, 148), (3, 183), (0, 158), (0, 169), (3, 165), (0, 138), (2, 131), (2, 136), (0, 165), (3, 189), (1, 155), (1, 160), (0, 133), (3, 173), (1, 152), (3, 184), (0, 145), (3, 153), (1, 136), (1, 143), (0, 138), (2, 130), (3, 170), (1, 154), (2, 145), (3, 182), (3, 173), (0, 134), (2, 127), (3, 167), (2, 147), (0, 155), (1, 144), (0, 155), (1, 140), (2, 141), (1, 142), (1, 143), (0, 175), (3, 156), (2, 136), (1, 149), (3, 168), (2, 140), (0, 156), (1, 183), (2, 147), (0, 161), (2, 140), (1, 213), (2, 183), (0, 148), (3, 189), (1, 159), (0, 157), (3, 167), (2, 133), (3, 167), (0, 152), (3, 153), (2, 129), (2, 146), (3, 186), (2, 158), (3, 172), (1, 162), (3, 159), (1, 168), (1, 158), (1, 163), (0, 156), (1, 152), (0, 156), (2, 212), (3, 160), (0, 151), (3, 174), (1, 149), (0, 146), (3, 173), (1, 146), (0, 165), (2, 143), (0, 156), (3, 165), (3, 180), (0, 143), (0, 147), (2, 158), (2, 154), (0, 159), (2, 162), (3, 169), (1, 171), (1, 180), (0, 154), (0, 157), (1, 139), (2, 158), (2, 158), (1, 161), (2, 147), (3, 158), (3, 174), (2, 166), (1, 156), (1, 150), (3, 162), (0, 148), (2, 141), (1, 167), (1, 168), (3, 161), (2, 174), (1, 150), (0, 146), (0, 149), (0, 159), (3, 170), (2, 154), (0, 143), (1, 163), (3, 171), (1, 142), (2, 158), (2, 160), (1, 180), (3, 167), (3, 159), (3, 160), (1, 150), (2, 149), (1, 153), (1, 143), (1, 146), (3, 149), (0, 142), (1, 145), (0, 146), (2, 161), (0, 141), (1, 153), (2, 149), (3, 165), (2, 155), (2, 145), (1, 140), (1, 145), (1, 146), (2, 163), (0, 156), (2, 168), (0, 145), (3, 171), (2, 180), (0, 157), (1, 148), (0, 182), (1, 144), (0, 156), (0, 155), (0, 145), (2, 153), (2, 160), (2, 162), (1, 147), (1, 149), (3, 194), (3, 177), (2, 185), (3, 165), (2, 208), (0, 154), (1, 154), (3, 191), (1, 152), (3, 158), (2, 172), (0, 141), (1, 151), (1, 152), (2, 156), (1, 167), (2, 149), (0, 165), (2, 167), (1, 162), (2, 153), (2, 156), (1, 152), (0, 155), (1, 144), (1, 144), (3, 165), (2, 159), (1, 143), (2, 152), (2, 160), (0, 162), (2, 158), (3, 207), (0, 164), (0, 167), (2, 175), (2, 182), (2, 190), (1, 181), (0, 147), (0, 147), (2, 153), (0, 141), (0, 144), (2, 155), (0, 155), (3, 188), (0, 157), (0, 143), (0, 144), (2, 189), (0, 188), (0, 193), (3, 155), (2, 149), (3, 173), (3, 150), (3, 178), (0, 167), (2, 164), (2, 173), (3, 174), (2, 202), (2, 154), (0, 154), (2, 159), (2, 169), (0, 166), (3, 157), (2, 162), (3, 177), (3, 174), (2, 171), (0, 165), (0, 157), (0, 160), (0, 151), (3, 171), (0, 171), (0, 161), (0, 172), (3, 184), (0, 144), (0, 149), (3, 167)]

