 - NODO 0.
Precision: 0.858
Recall: 0.812
F1: 0.834
Se ha entrenado con 250 muestras.
Se ha entrenado con 7529 prototipos.
Ha compartido 122 veces.
Ha compartido 6352 prototipos a cada uno de los 1 vecino/s.
Tiempo de aprendizaje (muestras): 7.980545520782471
Tiempo de aprendizaje (prototipos): 38.22417157860924
Tiempo compartiendo prototipos: 2.5315380096435547
Tiempo total: 61.1267728805542
Capacidad de ejecución: 196.97
ID, Tamaño de lotes recibidos: [(2, 5), (4, 6), (2, 21), (4, 14), (3, 30), (4, 26), (3, 38), (4, 36), (4, 48), (4, 25), (3, 33), (2, 40), (1, 46), (4, 48), (4, 51), (3, 43), (4, 42), (4, 35), (1, 46), (3, 40), (2, 55), (2, 56), (3, 46), (4, 45), (1, 42), (2, 53), (4, 37), (1, 34), (2, 53), (4, 49), (2, 53), (4, 47), (3, 61), (2, 85), (3, 54), (1, 47), (4, 68), (1, 47), (2, 75), (4, 54), (1, 50), (4, 60), (3, 56), (4, 60), (1, 57), (3, 64), (4, 57), (4, 57), (1, 57), (4, 64), (4, 70), (3, 74), (3, 86), (3, 61), (2, 72), (4, 70), (4, 72), (3, 69), (4, 60), (3, 59), (1, 90), (1, 57), (4, 70), (1, 66), (1, 55), (1, 76), (3, 65), (1, 63), (1, 64), (1, 65), (4, 65), (2, 70), (4, 60), (1, 71), (4, 72), (2, 66), (1, 61), (4, 72), (2, 79), (1, 61), (1, 68), (2, 79), (2, 62), (1, 69), (3, 68), (3, 68), (1, 77), (4, 62), (4, 60), (1, 64), (3, 78), (4, 67), (1, 64), (3, 66), (3, 66), (2, 70), (2, 70), (3, 61), (4, 64), (2, 73), (2, 73), (2, 73), (4, 65), (1, 66), (2, 69), (2, 69), (3, 59), (2, 73), (2, 73), (3, 68), (4, 67), (2, 63), (1, 87), (3, 66), (4, 70), (1, 79), (1, 81), (2, 87), (2, 88), (1, 81), (3, 68), (3, 68), (1, 70), (1, 74), (1, 79), (1, 66), (3, 78), (1, 66)]

 - NODO 1.
Precision: 0.832
Recall: 0.852
F1: 0.842
Se ha entrenado con 250 muestras.
Se ha entrenado con 6654 prototipos.
Ha compartido 114 veces.
Ha compartido 6760 prototipos a cada uno de los 1 vecino/s.
Tiempo de aprendizaje (muestras): 5.984073162078857
Tiempo de aprendizaje (prototipos): 38.213424810396795
Tiempo compartiendo prototipos: 2.551632881164551
Tiempo total: 62.50967311859131
Capacidad de ejecución: 174.127
ID, Tamaño de lotes recibidos: [(2, 3), (2, 5), (3, 4), (2, 6), (4, 2), (3, 5), (4, 27), (0, 54), (0, 42), (0, 43), (3, 55), (0, 44), (3, 49), (0, 45), (3, 40), (2, 65), (3, 47), (0, 35), (4, 49), (3, 49), (3, 62), (2, 63), (2, 64), (0, 32), (3, 67), (3, 58), (3, 60), (4, 47), (4, 47), (4, 47), (4, 47), (3, 66), (0, 49), (4, 60), (3, 68), (4, 49), (0, 55), (4, 58), (4, 49), (4, 50), (2, 73), (2, 73), (4, 64), (3, 73), (4, 58), (0, 56), (2, 60), (3, 77), (4, 53), (4, 62), (2, 72), (4, 70), (3, 68), (0, 53), (2, 63), (0, 40), (2, 76), (3, 66), (4, 60), (3, 66), (0, 57), (2, 69), (3, 69), (2, 69), (3, 67), (3, 69), (0, 52), (3, 69), (3, 71), (2, 61), (0, 55), (3, 70), (2, 69), (4, 65), (0, 58), (4, 59), (4, 60), (2, 80), (0, 53), (3, 69), (3, 68), (3, 63), (2, 70), (4, 64), (3, 74), (4, 64), (4, 64), (0, 63), (3, 64), (2, 73), (2, 69), (0, 73), (2, 69), (0, 60), (3, 65), (2, 73), (4, 70), (0, 73), (0, 73), (2, 66), (0, 64), (3, 71), (3, 71), (4, 69), (3, 62), (0, 73), (2, 88), (4, 76), (4, 76), (2, 74), (3, 75), (3, 75), (0, 81)]

 - NODO 2.
Precision: 0.837
Recall: 0.681
F1: 0.751
Se ha entrenado con 250 muestras.
Se ha entrenado con 6161 prototipos.
Ha compartido 111 veces.
Ha compartido 7062 prototipos a cada uno de los 1 vecino/s.
Tiempo de aprendizaje (muestras): 6.900997638702393
Tiempo de aprendizaje (prototipos): 35.24399784212614
Tiempo compartiendo prototipos: 3.042097806930542
Tiempo total: 58.666762828826904
Capacidad de ejecución: 174.81
ID, Tamaño de lotes recibidos: [(1, 9), (4, 3), (1, 12), (4, 5), (1, 13), (3, 31), (3, 38), (0, 49), (0, 52), (3, 54), (3, 35), (0, 57), (4, 47), (0, 42), (4, 48), (4, 42), (1, 33), (3, 50), (1, 33), (4, 35), (0, 44), (1, 32), (0, 44), (4, 41), (1, 41), (3, 50), (3, 50), (0, 53), (1, 44), (0, 32), (3, 60), (4, 53), (3, 56), (0, 36), (4, 41), (0, 39), (3, 56), (1, 47), (1, 47), (3, 65), (3, 49), (1, 47), (4, 54), (0, 56), (3, 53), (3, 62), (1, 57), (1, 50), (3, 64), (4, 64), (4, 64), (1, 57), (1, 67), (3, 65), (0, 52), (4, 55), (4, 55), (1, 90), (4, 66), (4, 70), (4, 70), (0, 43), (0, 43), (4, 72), (0, 48), (3, 69), (4, 72), (3, 69), (1, 79), (3, 68), (3, 66), (0, 49), (3, 67), (4, 59), (4, 63), (1, 66), (1, 73), (3, 63), (4, 61), (3, 63), (4, 72), (3, 70), (1, 61), (3, 66), (4, 62), (1, 59), (3, 70), (1, 69), (4, 59), (3, 70), (1, 69), (1, 76), (4, 62), (1, 64), (1, 70), (0, 55), (4, 64), (0, 62), (0, 62), (3, 66), (4, 69), (0, 73), (0, 74), (3, 68), (4, 63), (1, 83), (0, 64), (1, 81), (3, 63), (3, 68), (3, 68), (3, 75), (0, 81), (0, 71), (0, 71), (1, 77), (1, 78), (3, 71), (0, 76), (1, 79), (3, 78), (1, 66)]

 - NODO 3.
Precision: 0.76
Recall: 0.849
F1: 0.802
Se ha entrenado con 250 muestras.
Se ha entrenado con 6938 prototipos.
Ha compartido 125 veces.
Ha compartido 7708 prototipos a cada uno de los 1 vecino/s.
Tiempo de aprendizaje (muestras): 5.461502313613892
Tiempo de aprendizaje (prototipos): 39.485010523652946
Tiempo compartiendo prototipos: 2.827697277069092
Tiempo total: 61.86841678619385
Capacidad de ejecución: 175.712
ID, Tamaño de lotes recibidos: [(2, 2), (4, 4), (4, 4), (0, 3), (2, 12), (0, 3), (1, 13), (2, 21), (1, 14), (4, 42), (2, 35), (1, 33), (1, 33), (4, 35), (2, 67), (4, 35), (1, 37), (2, 48), (0, 44), (2, 54), (0, 32), (4, 41), (4, 42), (4, 37), (4, 37), (4, 49), (2, 57), (4, 49), (4, 45), (1, 44), (4, 45), (2, 64), (2, 53), (4, 47), (4, 47), (0, 37), (0, 37), (0, 37), (4, 65), (2, 89), (0, 45), (2, 61), (0, 49), (0, 55), (0, 55), (0, 55), (0, 56), (1, 51), (0, 40), (0, 40), (1, 56), (1, 57), (1, 57), (2, 70), (2, 81), (1, 66), (1, 67), (0, 53), (2, 54), (4, 55), (4, 64), (4, 63), (4, 70), (2, 68), (1, 62), (0, 48), (4, 58), (0, 50), (4, 65), (0, 53), (2, 73), (2, 58), (4, 70), (0, 56), (0, 56), (4, 71), (2, 69), (1, 63), (4, 65), (1, 66), (0, 48), (0, 64), (4, 72), (2, 72), (4, 72), (0, 58), (2, 78), (4, 57), (2, 80), (1, 78), (0, 50), (2, 80), (4, 62), (0, 57), (2, 67), (0, 61), (1, 64), (4, 59), (1, 75), (2, 70), (2, 73), (0, 69), (2, 69), (0, 60), (4, 70), (1, 81), (2, 73), (0, 74), (2, 66), (2, 66), (0, 71), (2, 68), (4, 70), (1, 79), (2, 73), (0, 76), (1, 83), (2, 83), (1, 81), (2, 68), (0, 81), (0, 68), (1, 77), (0, 71)]

 - NODO 4.
Precision: 0.811
Recall: 0.826
F1: 0.818
Se ha entrenado con 250 muestras.
Se ha entrenado con 6087 prototipos.
Ha compartido 126 veces.
Ha compartido 6819 prototipos a cada uno de los 1 vecino/s.
Tiempo de aprendizaje (muestras): 6.5029168128967285
Tiempo de aprendizaje (prototipos): 36.24714685925706
Tiempo compartiendo prototipos: 3.8180930614471436
Tiempo total: 58.26272225379944
Capacidad de ejecución: 167.93
ID, Tamaño de lotes recibidos: [(0, 3), (3, 18), (0, 4), (2, 33), (0, 19), (2, 39), (1, 15), (1, 16), (0, 28), (0, 49), (1, 26), (3, 37), (0, 50), (3, 50), (1, 33), (1, 53), (0, 32), (3, 64), (2, 54), (1, 41), (1, 43), (1, 34), (2, 55), (1, 45), (0, 32), (2, 65), (3, 59), (2, 72), (1, 47), (2, 77), (3, 66), (0, 37), (2, 85), (0, 36), (1, 47), (2, 75), (0, 55), (1, 51), (3, 53), (0, 40), (1, 57), (0, 40), (0, 40), (3, 65), (0, 46), (2, 70), (3, 64), (2, 73), (3, 73), (0, 45), (3, 74), (3, 77), (0, 52), (1, 82), (2, 61), (3, 82), (1, 92), (0, 52), (2, 70), (2, 55), (1, 66), (1, 71), (2, 63), (2, 76), (3, 59), (0, 53), (2, 67), (2, 68), (0, 42), (0, 45), (1, 64), (3, 69), (0, 49), (2, 66), (0, 60), (0, 58), (0, 58), (0, 59), (0, 58), (3, 59), (0, 47), (1, 76), (3, 63), (2, 80), (3, 77), (1, 64), (0, 55), (3, 67), (2, 71), (1, 74), (0, 64), (2, 72), (3, 66), (2, 69), (0, 73), (3, 68), (1, 86), (1, 87), (3, 66), (2, 66), (3, 66), (3, 66), (0, 72), (0, 64), (0, 64), (3, 73), (3, 73), (0, 72), (1, 78), (0, 76), (3, 73)]

