 - NODO 0.
Precision: 0.473
Recall: 0.5
F1: 0.486
Se ha entrenado con 1000 muestras.
Se ha entrenado con 64603 prototipos.
Ha compartido 482 veces.
Ha compartido 59647 prototipos a cada uno de los 1 vecino/s.
Tiempo de aprendizaje (muestras): 17.58611798286438
Tiempo de aprendizaje (prototipos): 191.00384900591038
Tiempo compartiendo prototipos: 6.254923343658447
Tiempo total: 216.8286416530609
Capacidad de ejecución: 338.229
ID, Tamaño de lotes recibidos: [(2, 1), (3, 1), (1, 16), (3, 16), (3, 17), (4, 27), (3, 22), (2, 28), (2, 28), (3, 79), (4, 31), (4, 45), (4, 45), (4, 46), (1, 60), (4, 57), (2, 63), (4, 78), (4, 79), (2, 71), (1, 75), (3, 63), (4, 79), (2, 54), (3, 54), (4, 73), (1, 115), (3, 86), (1, 115), (1, 88), (4, 86), (2, 93), (4, 98), (2, 109), (2, 100), (3, 112), (1, 124), (4, 103), (4, 76), (1, 156), (1, 174), (4, 95), (3, 88), (1, 129), (1, 105), (4, 101), (2, 115), (1, 100), (2, 99), (4, 103), (3, 114), (4, 84), (4, 111), (1, 103), (4, 99), (4, 108), (4, 113), (4, 87), (1, 110), (2, 104), (1, 105), (1, 112), (4, 91), (1, 119), (3, 111), (2, 112), (4, 90), (4, 99), (2, 93), (2, 104), (4, 88), (1, 135), (1, 113), (4, 123), (2, 105), (3, 124), (1, 99), (2, 109), (4, 110), (3, 106), (4, 112), (4, 113), (3, 116), (2, 120), (4, 114), (4, 107), (1, 122), (3, 118), (2, 144), (4, 102), (4, 139), (4, 139), (4, 99), (4, 132), (4, 142), (2, 110), (1, 115), (2, 141), (4, 156), (2, 124), (2, 142), (1, 108), (4, 140), (3, 119), (2, 134), (1, 138), (4, 138), (3, 114), (2, 116), (2, 119), (1, 131), (2, 119), (1, 131), (4, 135), (4, 107), (1, 137), (2, 136), (1, 168), (3, 127), (1, 178), (3, 118), (4, 133), (2, 146), (1, 127), (3, 120), (2, 167), (1, 119), (4, 131), (1, 126), (3, 126), (2, 130), (3, 133), (3, 109), (4, 133), (1, 148), (4, 134), (2, 114), (2, 118), (3, 132), (1, 124), (3, 110), (2, 178), (2, 183), (4, 149), (2, 193), (1, 137), (2, 198), (4, 138), (2, 129), (3, 113), (3, 107), (3, 121), (2, 131), (2, 136), (3, 143), (4, 136), (1, 138), (3, 125), (4, 138), (3, 129), (4, 181), (1, 137), (1, 154), (4, 135), (2, 140), (1, 131), (3, 123), (2, 165), (1, 149), (1, 152), (4, 136), (1, 136), (4, 132), (1, 149), (2, 130), (1, 154), (3, 135), (2, 146), (2, 151), (3, 137), (1, 170), (2, 146), (3, 120), (2, 154), (2, 147), (1, 139), (1, 129), (3, 137), (4, 131), (4, 134), (4, 149), (3, 116), (1, 151), (2, 144), (4, 132), (4, 142), (1, 155), (2, 150), (3, 133), (4, 130), (4, 139), (2, 146), (2, 160), (2, 167), (1, 172), (3, 120), (1, 142), (1, 158), (2, 153), (1, 133), (1, 144), (3, 122), (2, 155), (1, 149), (2, 155), (3, 133), (4, 167), (1, 160), (2, 152), (1, 133), (3, 149), (1, 138), (2, 139), (2, 145), (1, 127), (2, 158), (2, 134), (4, 142), (3, 128), (1, 139), (3, 143), (1, 142), (4, 158), (1, 150), (4, 141), (2, 145), (3, 123), (4, 126), (1, 142), (3, 156), (2, 160), (4, 152), (1, 163), (1, 164), (1, 173), (2, 153), (4, 130), (3, 137), (2, 162), (3, 148), (3, 151), (4, 122), (3, 172), (1, 151), (2, 159), (3, 145), (4, 145), (4, 125), (4, 132), (1, 150), (1, 134), (3, 127), (4, 143), (3, 133), (3, 129), (4, 146), (4, 128), (4, 135), (3, 166), (4, 178), (1, 153), (4, 131), (4, 145), (4, 183), (1, 141), (1, 151), (1, 140), (1, 158), (4, 126), (2, 142), (2, 141), (4, 154), (4, 167), (2, 134), (1, 155), (3, 132), (3, 134), (2, 158), (3, 141), (1, 159), (1, 158), (2, 134), (1, 163), (1, 140), (3, 142), (1, 192), (2, 154), (3, 156), (2, 144), (3, 139), (4, 162), (3, 173), (3, 152), (3, 159), (4, 157), (1, 155), (3, 157), (4, 135), (2, 165), (1, 161), (3, 156), (1, 184), (1, 185), (1, 197), (2, 166), (2, 128), (4, 149), (2, 126), (1, 171), (4, 167), (1, 170), (2, 149), (4, 174), (3, 141), (2, 150), (1, 165), (2, 134), (1, 176), (2, 139), (4, 142), (1, 172), (3, 148), (3, 153), (3, 155), (2, 141), (4, 131), (4, 151), (4, 172), (4, 190), (2, 124), (1, 172), (4, 171), (2, 131), (2, 152), (4, 131), (1, 193), (2, 136), (1, 144), (4, 148), (1, 146), (1, 152), (1, 163), (1, 169), (2, 124), (3, 143), (1, 165), (3, 156), (3, 151), (2, 177), (1, 160), (2, 136), (2, 138), (2, 146), (1, 174), (4, 162), (3, 144), (2, 203), (3, 168), (3, 173), (3, 189), (4, 154), (3, 154), (3, 142), (2, 151), (2, 148), (1, 166), (4, 172), (1, 178), (1, 165), (2, 150), (2, 158), (4, 158), (3, 155), (1, 153), (4, 175), (3, 165), (2, 219), (3, 191), (3, 166), (1, 176), (3, 146), (3, 150), (1, 183), (2, 212), (1, 163), (2, 191), (2, 196), (4, 154), (3, 143), (1, 164), (4, 153), (1, 176), (2, 134), (2, 152), (3, 150), (4, 149), (3, 143), (1, 169), (2, 205), (2, 187), (2, 194), (1, 158), (2, 165), (4, 171), (3, 161), (2, 231), (2, 141), (1, 163), (3, 164), (4, 161), (1, 158), (1, 166), (2, 177), (3, 169), (3, 175), (3, 158), (3, 148), (1, 152), (2, 163), (2, 152), (2, 182), (2, 186), (4, 162), (4, 154), (2, 145), (1, 157), (3, 175), (2, 175), (3, 220), (2, 155), (3, 175), (1, 172), (4, 211), (1, 198), (2, 165), (4, 166), (3, 158), (2, 156), (2, 170), (3, 145), (4, 206), (1, 176), (2, 170), (2, 183), (3, 152), (1, 158), (2, 169), (2, 173), (1, 191), (3, 173), (2, 202), (3, 170), (3, 170), (2, 153), (1, 176), (2, 145), (3, 182), (1, 177), (1, 157), (3, 170), (3, 163)]

 - NODO 1.
Precision: 0.491
Recall: 0.491
F1: 0.491
Se ha entrenado con 1000 muestras.
Se ha entrenado con 59920 prototipos.
Ha compartido 495 veces.
Ha compartido 71925 prototipos a cada uno de los 1 vecino/s.
Tiempo de aprendizaje (muestras): 18.125919580459595
Tiempo de aprendizaje (prototipos): 198.01159695455092
Tiempo compartiendo prototipos: 6.533293008804321
Tiempo total: 220.08729004859924
Capacidad de ejecución: 302.609
ID, Tamaño de lotes recibidos: [(4, 3), (2, 6), (0, 10), (0, 20), (0, 35), (4, 36), (0, 36), (0, 37), (2, 28), (3, 30), (4, 55), (3, 38), (4, 47), (0, 61), (3, 55), (3, 78), (0, 73), (3, 59), (0, 59), (3, 65), (0, 61), (0, 55), (4, 70), (2, 90), (3, 91), (0, 70), (3, 57), (2, 129), (0, 83), (3, 105), (3, 89), (4, 103), (0, 122), (4, 84), (0, 137), (2, 137), (2, 118), (0, 102), (3, 114), (0, 105), (2, 157), (4, 100), (4, 108), (2, 117), (4, 154), (2, 105), (4, 120), (2, 113), (4, 110), (0, 98), (2, 131), (3, 117), (2, 149), (2, 149), (3, 101), (4, 98), (0, 110), (4, 100), (2, 125), (4, 112), (3, 120), (2, 133), (2, 133), (3, 122), (4, 106), (3, 116), (2, 100), (4, 110), (0, 103), (4, 106), (4, 109), (3, 114), (2, 113), (0, 84), (3, 109), (0, 99), (0, 99), (0, 99), (2, 109), (3, 113), (3, 127), (0, 98), (3, 119), (4, 129), (0, 99), (4, 139), (3, 120), (0, 112), (0, 108), (3, 105), (3, 105), (4, 154), (0, 102), (3, 134), (4, 134), (3, 110), (4, 136), (4, 124), (2, 121), (0, 130), (2, 110), (2, 114), (2, 121), (3, 114), (3, 118), (0, 104), (0, 115), (4, 135), (4, 131), (2, 122), (2, 157), (0, 108), (4, 138), (0, 108), (0, 115), (0, 101), (3, 112), (4, 143), (0, 119), (2, 113), (2, 115), (4, 131), (2, 138), (4, 138), (2, 150), (0, 108), (2, 169), (0, 109), (4, 157), (2, 143), (0, 109), (0, 114), (0, 117), (3, 124), (4, 139), (4, 122), (3, 122), (4, 120), (3, 130), (3, 126), (4, 136), (2, 139), (0, 109), (4, 143), (0, 127), (2, 140), (2, 139), (4, 119), (3, 142), (3, 143), (2, 137), (4, 140), (0, 128), (3, 108), (2, 137), (0, 116), (3, 144), (2, 146), (2, 130), (0, 146), (2, 140), (0, 154), (4, 130), (3, 127), (4, 139), (2, 149), (4, 129), (3, 139), (3, 136), (2, 138), (0, 119), (0, 135), (3, 132), (4, 137), (2, 169), (2, 170), (3, 127), (4, 126), (3, 133), (4, 143), (2, 131), (4, 128), (4, 142), (2, 137), (4, 138), (0, 137), (3, 123), (2, 168), (3, 132), (0, 122), (3, 120), (2, 151), (3, 128), (3, 135), (0, 129), (3, 159), (4, 138), (4, 140), (3, 127), (3, 135), (2, 167), (3, 126), (2, 153), (4, 135), (2, 138), (4, 136), (3, 125), (4, 151), (2, 143), (2, 140), (3, 116), (0, 141), (3, 121), (2, 139), (2, 155), (4, 135), (2, 144), (2, 158), (4, 140), (2, 156), (0, 130), (2, 163), (0, 146), (4, 146), (0, 175), (3, 144), (2, 155), (3, 121), (2, 154), (0, 197), (0, 139), (3, 137), (2, 149), (0, 134), (3, 122), (2, 164), (0, 139), (0, 123), (3, 118), (2, 162), (3, 158), (4, 133), (4, 133), (4, 133), (2, 137), (3, 143), (4, 150), (2, 150), (0, 125), (4, 173), (2, 165), (4, 125), (4, 150), (4, 146), (0, 141), (2, 151), (2, 135), (0, 140), (3, 155), (0, 123), (0, 147), (3, 135), (4, 153), (2, 149), (3, 128), (2, 154), (4, 156), (4, 133), (2, 149), (0, 126), (4, 138), (4, 140), (4, 140), (4, 146), (2, 131), (3, 138), (2, 145), (3, 149), (0, 122), (4, 122), (4, 137), (4, 177), (3, 136), (0, 116), (2, 133), (2, 140), (2, 147), (4, 142), (0, 117), (0, 134), (2, 148), (3, 170), (4, 129), (4, 161), (4, 140), (4, 179), (0, 120), (0, 121), (4, 187), (3, 159), (0, 123), (0, 135), (4, 168), (2, 153), (4, 185), (0, 123), (0, 132), (3, 133), (0, 121), (0, 143), (0, 122), (4, 149), (2, 149), (3, 154), (0, 133), (3, 141), (2, 125), (2, 152), (2, 147), (4, 153), (2, 145), (4, 142), (2, 135), (4, 146), (3, 146), (3, 152), (3, 139), (3, 163), (3, 137), (3, 158), (0, 140), (2, 138), (2, 148), (4, 145), (3, 157), (0, 128), (0, 148), (2, 158), (0, 125), (4, 169), (0, 119), (2, 159), (4, 158), (2, 124), (4, 162), (4, 162), (0, 136), (3, 145), (4, 142), (0, 133), (2, 162), (0, 153), (2, 215), (3, 185), (0, 139), (3, 156), (2, 148), (3, 154), (4, 145), (0, 147), (3, 175), (2, 163), (4, 205), (2, 159), (3, 165), (2, 170), (4, 143), (4, 146), (3, 173), (0, 145), (2, 150), (0, 145), (4, 189), (4, 142), (4, 167), (4, 161), (4, 163), (3, 176), (2, 171), (2, 194), (3, 152), (0, 167), (0, 182), (4, 159), (2, 200), (4, 159), (4, 172), (3, 161), (4, 165), (0, 160), (3, 155), (2, 207), (0, 167), (4, 179), (3, 169), (0, 137), (4, 163), (2, 169), (4, 167), (3, 147), (3, 147), (3, 159), (2, 175), (2, 157), (3, 160), (2, 190), (3, 167), (3, 182), (4, 176), (3, 168), (0, 157), (3, 154), (0, 138), (2, 159), (0, 133), (2, 174), (0, 182), (3, 147), (0, 154), (4, 189), (3, 151), (4, 180), (3, 160), (3, 162), (0, 159), (2, 159), (3, 176), (0, 159), (2, 172), (3, 155), (2, 176), (3, 168), (4, 175), (2, 180), (2, 196), (4, 178), (4, 183), (0, 166), (0, 134), (4, 157), (0, 136), (2, 153), (3, 154), (3, 166), (3, 155), (2, 163), (2, 164), (2, 152), (0, 142), (2, 163), (2, 156), (2, 174), (2, 155), (2, 157), (2, 196), (3, 169), (3, 182), (3, 163), (3, 164), (3, 164)]

 - NODO 2.
Precision: 0.49
Recall: 0.465
F1: 0.477
Se ha entrenado con 1000 muestras.
Se ha entrenado con 60299 prototipos.
Ha compartido 504 veces.
Ha compartido 72359 prototipos a cada uno de los 1 vecino/s.
Tiempo de aprendizaje (muestras): 17.29466152191162
Tiempo de aprendizaje (prototipos): 194.1982393152063
Tiempo compartiendo prototipos: 6.679351091384888
Tiempo total: 220.1895534992218
Capacidad de ejecución: 310.502
ID, Tamaño de lotes recibidos: [(0, 4), (4, 5), (4, 9), (0, 6), (3, 10), (1, 43), (3, 29), (4, 44), (1, 79), (4, 30), (1, 82), (4, 77), (4, 81), (3, 60), (0, 62), (1, 75), (1, 80), (3, 69), (1, 90), (1, 64), (3, 45), (1, 73), (0, 66), (1, 93), (0, 63), (3, 109), (0, 69), (0, 83), (4, 90), (3, 98), (1, 123), (1, 137), (0, 100), (3, 101), (4, 80), (0, 71), (0, 71), (1, 137), (0, 121), (1, 148), (1, 148), (0, 127), (1, 166), (4, 95), (4, 107), (4, 111), (1, 88), (1, 88), (1, 89), (0, 102), (4, 93), (1, 111), (0, 87), (3, 114), (4, 110), (3, 115), (3, 117), (0, 79), (1, 109), (0, 80), (1, 131), (0, 97), (1, 148), (1, 109), (4, 157), (3, 102), (1, 146), (0, 115), (1, 112), (0, 126), (0, 92), (1, 127), (4, 94), (4, 93), (0, 109), (1, 162), (4, 93), (3, 125), (0, 97), (3, 106), (3, 127), (4, 110), (1, 106), (4, 106), (1, 123), (1, 127), (1, 127), (3, 107), (4, 109), (1, 125), (1, 112), (1, 110), (1, 104), (1, 120), (3, 118), (3, 118), (4, 110), (4, 110), (3, 105), (4, 106), (4, 124), (3, 136), (1, 137), (1, 137), (0, 109), (3, 133), (0, 95), (3, 114), (3, 126), (1, 144), (1, 108), (0, 126), (0, 142), (0, 117), (0, 134), (0, 148), (0, 115), (1, 182), (4, 115), (4, 135), (3, 119), (1, 159), (3, 122), (3, 122), (3, 122), (0, 106), (4, 142), (1, 127), (1, 131), (0, 115), (3, 133), (1, 134), (4, 128), (4, 132), (0, 119), (1, 156), (4, 126), (0, 124), (4, 134), (0, 106), (1, 145), (3, 128), (3, 109), (4, 132), (3, 124), (1, 144), (3, 124), (3, 106), (1, 130), (4, 133), (0, 116), (0, 108), (4, 140), (3, 135), (4, 141), (1, 131), (0, 145), (1, 147), (0, 116), (4, 162), (0, 124), (4, 133), (0, 115), (3, 139), (3, 143), (0, 127), (3, 136), (1, 142), (1, 129), (3, 138), (1, 136), (1, 130), (1, 137), (3, 142), (0, 129), (4, 145), (1, 163), (3, 138), (3, 122), (4, 156), (0, 145), (1, 169), (4, 151), (4, 124), (1, 192), (1, 147), (1, 168), (4, 141), (0, 124), (3, 131), (3, 123), (0, 129), (0, 140), (3, 120), (1, 153), (3, 124), (3, 118), (4, 126), (1, 152), (3, 145), (3, 146), (0, 124), (0, 126), (1, 139), (4, 152), (1, 167), (3, 115), (1, 134), (3, 140), (1, 150), (3, 139), (4, 143), (4, 130), (3, 119), (4, 137), (3, 115), (1, 138), (4, 129), (1, 149), (3, 131), (4, 133), (0, 136), (0, 143), (3, 129), (1, 147), (0, 197), (3, 149), (4, 134), (4, 130), (4, 121), (1, 152), (3, 146), (1, 141), (4, 134), (4, 158), (4, 163), (1, 138), (0, 134), (3, 138), (1, 140), (1, 145), (4, 127), (3, 146), (4, 134), (4, 142), (3, 132), (4, 155), (3, 137), (3, 149), (1, 153), (0, 139), (0, 136), (3, 135), (4, 149), (0, 118), (4, 136), (0, 119), (1, 186), (1, 151), (1, 143), (0, 117), (4, 131), (3, 183), (4, 155), (1, 152), (1, 149), (1, 169), (3, 150), (1, 179), (3, 132), (3, 156), (0, 117), (4, 136), (4, 140), (0, 125), (1, 143), (3, 145), (1, 180), (4, 147), (0, 126), (0, 130), (1, 141), (0, 118), (0, 116), (3, 174), (1, 204), (1, 206), (0, 123), (1, 151), (0, 122), (1, 168), (0, 139), (1, 158), (1, 165), (1, 138), (4, 130), (4, 131), (4, 145), (4, 146), (0, 122), (4, 190), (4, 132), (0, 121), (4, 174), (0, 122), (1, 166), (0, 122), (3, 134), (4, 151), (1, 165), (3, 156), (0, 129), (4, 131), (4, 155), (0, 128), (0, 134), (3, 153), (4, 158), (0, 129), (4, 149), (0, 119), (1, 156), (1, 150), (3, 142), (4, 161), (4, 169), (0, 134), (3, 163), (1, 189), (4, 157), (4, 160), (0, 164), (1, 161), (1, 173), (0, 133), (3, 152), (1, 192), (0, 147), (3, 155), (0, 121), (4, 157), (0, 130), (0, 134), (4, 148), (3, 151), (0, 129), (1, 156), (3, 139), (0, 120), (3, 155), (1, 180), (0, 126), (1, 156), (4, 166), (1, 148), (3, 160), (3, 146), (1, 158), (3, 158), (4, 153), (4, 163), (1, 171), (0, 148), (0, 118), (3, 167), (0, 121), (4, 148), (3, 190), (3, 143), (3, 144), (1, 151), (1, 151), (1, 166), (1, 176), (4, 223), (4, 144), (1, 188), (3, 167), (1, 161), (1, 172), (0, 144), (4, 167), (0, 131), (0, 143), (1, 166), (4, 172), (3, 153), (1, 174), (3, 165), (0, 130), (3, 169), (3, 176), (3, 178), (1, 147), (3, 193), (4, 159), (1, 158), (4, 155), (0, 171), (0, 142), (3, 149), (3, 176), (4, 165), (0, 130), (4, 155), (3, 154), (0, 130), (1, 155), (0, 128), (1, 169), (3, 179), (0, 154), (4, 178), (4, 161), (1, 173), (4, 178), (3, 152), (1, 144), (0, 171), (1, 162), (3, 157), (0, 180), (3, 148), (0, 132), (4, 173), (1, 150), (3, 199), (4, 176), (3, 158), (3, 162), (3, 171), (0, 148), (4, 182), (3, 173), (4, 157), (1, 150), (1, 163), (1, 167), (4, 206), (1, 155), (3, 158), (0, 152), (1, 176), (0, 142), (0, 145), (3, 150), (4, 183), (4, 169), (3, 155), (0, 168), (1, 155), (3, 167), (0, 134), (1, 173), (3, 166), (1, 179), (1, 154), (0, 154), (0, 141), (3, 153), (4, 175), (4, 176), (1, 165), (1, 204), (1, 205), (3, 160), (0, 162), (3, 168), (1, 187), (3, 161), (1, 194), (0, 135), (3, 158), (0, 167), (3, 149), (3, 164), (0, 152), (3, 150), (3, 156), (1, 156), (1, 165), (3, 178), (0, 177), (1, 168), (1, 156), (3, 190), (3, 170), (3, 163), (3, 163), (3, 163), (3, 163), (3, 163), (3, 163)]

 - NODO 3.
Precision: 0.501
Recall: 0.483
F1: 0.492
Se ha entrenado con 1000 muestras.
Se ha entrenado con 66247 prototipos.
Ha compartido 484 veces.
Ha compartido 66204 prototipos a cada uno de los 1 vecino/s.
Tiempo de aprendizaje (muestras): 16.040696382522583
Tiempo de aprendizaje (prototipos): 201.40581819945592
Tiempo compartiendo prototipos: 5.957545757293701
Tiempo total: 227.01947164535522
Capacidad de ejecución: 328.923
ID, Tamaño de lotes recibidos: [(2, 2), (1, 2), (4, 11), (1, 13), (2, 17), (2, 17), (0, 39), (4, 38), (0, 41), (1, 79), (1, 47), (0, 57), (2, 59), (0, 60), (0, 41), (2, 61), (0, 59), (0, 62), (1, 70), (2, 71), (4, 80), (4, 69), (0, 64), (4, 77), (4, 52), (2, 69), (1, 71), (1, 101), (4, 62), (4, 90), (4, 89), (2, 118), (2, 142), (2, 92), (0, 87), (0, 91), (1, 97), (2, 94), (0, 96), (0, 97), (0, 71), (4, 102), (4, 106), (4, 112), (0, 122), (1, 149), (4, 95), (0, 140), (1, 186), (2, 100), (0, 100), (4, 86), (2, 105), (1, 89), (2, 121), (1, 125), (2, 110), (4, 87), (1, 139), (2, 121), (0, 104), (0, 121), (4, 158), (4, 111), (0, 86), (4, 105), (2, 134), (0, 124), (0, 92), (2, 140), (2, 135), (2, 149), (0, 109), (1, 174), (2, 120), (2, 120), (1, 118), (2, 125), (1, 99), (2, 93), (1, 145), (1, 99), (4, 103), (4, 107), (0, 89), (2, 100), (0, 101), (1, 117), (2, 132), (0, 99), (2, 117), (0, 90), (0, 99), (2, 115), (0, 101), (2, 120), (1, 132), (2, 115), (0, 99), (4, 117), (2, 142), (2, 109), (1, 120), (0, 103), (1, 127), (2, 108), (2, 140), (1, 111), (1, 108), (0, 113), (4, 152), (2, 127), (4, 129), (4, 125), (0, 120), (4, 112), (1, 127), (2, 142), (2, 172), (2, 114), (4, 132), (0, 117), (0, 125), (0, 121), (0, 114), (4, 125), (0, 128), (1, 136), (0, 112), (1, 144), (0, 114), (1, 132), (0, 105), (0, 125), (1, 141), (0, 135), (1, 132), (2, 147), (2, 127), (2, 129), (1, 126), (4, 140), (0, 116), (4, 128), (0, 113), (0, 120), (4, 145), (0, 135), (4, 147), (4, 133), (4, 139), (1, 145), (0, 123), (1, 136), (2, 129), (2, 137), (1, 148), (1, 143), (1, 143), (4, 123), (0, 135), (4, 144), (0, 131), (4, 138), (4, 121), (4, 137), (0, 129), (4, 151), (2, 167), (0, 130), (1, 154), (4, 147), (2, 138), (2, 151), (2, 134), (1, 141), (1, 141), (0, 135), (2, 138), (0, 131), (4, 125), (4, 130), (2, 148), (2, 131), (4, 137), (1, 140), (4, 137), (0, 138), (2, 146), (2, 136), (4, 146), (0, 126), (1, 136), (4, 139), (4, 146), (4, 147), (1, 143), (0, 128), (4, 159), (0, 128), (0, 136), (4, 158), (0, 126), (1, 153), (4, 162), (4, 169), (4, 134), (2, 155), (4, 134), (2, 147), (4, 131), (0, 124), (0, 131), (1, 139), (1, 136), (1, 147), (1, 144), (0, 143), (2, 173), (0, 123), (2, 150), (0, 155), (1, 144), (4, 148), (0, 193), (4, 120), (1, 142), (0, 153), (0, 161), (0, 139), (0, 152), (1, 152), (0, 130), (1, 129), (2, 169), (4, 136), (4, 145), (0, 141), (2, 159), (1, 134), (1, 151), (0, 134), (4, 152), (1, 145), (2, 160), (4, 151), (4, 144), (0, 127), (4, 136), (4, 145), (2, 136), (1, 140), (4, 148), (4, 168), (0, 149), (4, 179), (4, 186), (2, 152), (4, 139), (1, 155), (1, 135), (1, 147), (2, 161), (4, 152), (1, 159), (4, 132), (0, 131), (1, 169), (0, 127), (4, 128), (1, 181), (2, 141), (2, 141), (0, 123), (0, 124), (0, 120), (4, 122), (1, 161), (4, 142), (0, 162), (4, 124), (4, 148), (0, 131), (1, 148), (0, 117), (4, 135), (0, 120), (0, 127), (0, 121), (1, 202), (0, 141), (2, 150), (4, 143), (0, 127), (0, 141), (1, 147), (1, 173), (0, 157), (1, 163), (1, 140), (1, 144), (2, 140), (2, 171), (0, 124), (0, 117), (2, 154), (2, 142), (2, 152), (2, 159), (0, 122), (2, 179), (2, 166), (2, 126), (0, 117), (0, 119), (2, 127), (0, 125), (2, 145), (0, 119), (0, 122), (2, 146), (2, 125), (4, 183), (2, 148), (1, 165), (0, 115), (1, 142), (2, 133), (2, 149), (0, 138), (1, 158), (1, 157), (2, 146), (4, 147), (1, 150), (1, 156), (1, 165), (4, 132), (1, 174), (0, 116), (1, 172), (4, 146), (2, 180), (4, 153), (2, 127), (0, 141), (4, 162), (1, 149), (2, 149), (0, 138), (1, 175), (4, 152), (2, 120), (4, 154), (4, 166), (0, 138), (0, 122), (0, 132), (2, 158), (1, 162), (4, 171), (4, 161), (2, 202), (0, 131), (4, 170), (4, 144), (4, 146), (1, 157), (4, 191), (2, 129), (1, 163), (4, 159), (1, 155), (4, 167), (0, 154), (2, 160), (0, 164), (1, 166), (2, 146), (4, 146), (1, 164), (4, 142), (4, 146), (2, 190), (2, 177), (4, 178), (2, 192), (1, 168), (4, 223), (4, 152), (1, 155), (1, 162), (2, 169), (4, 157), (2, 203), (0, 158), (2, 149), (2, 144), (4, 186), (0, 137), (1, 156), (2, 167), (2, 148), (1, 150), (1, 161), (2, 183), (4, 159), (0, 134), (4, 152), (0, 151), (4, 151), (2, 191), (4, 164), (1, 145), (4, 152), (2, 157), (2, 171), (2, 159), (2, 169), (4, 157), (4, 164), (4, 148), (2, 159), (1, 161), (2, 197), (1, 171), (0, 190), (1, 165), (2, 164), (2, 168), (2, 157), (0, 148), (2, 147), (2, 154), (2, 161), (4, 157), (1, 172), (4, 179), (1, 200), (2, 184), (1, 148), (1, 160), (2, 166), (4, 199), (1, 160), (0, 139), (2, 191), (1, 155), (4, 213), (2, 151), (4, 159), (4, 190), (1, 153), (1, 166), (1, 162), (0, 167), (0, 147), (1, 173), (1, 180), (0, 144), (4, 183), (1, 155), (0, 146), (1, 160), (1, 167), (2, 213), (4, 157), (2, 153), (0, 162), (2, 152), (1, 177), (1, 156), (0, 141), (2, 178), (0, 141), (1, 159), (0, 155), (2, 148), (2, 175), (1, 179), (1, 164), (2, 150), (2, 160), (2, 164)]

 - NODO 4.
Precision: 0.45
Recall: 0.455
F1: 0.452
Se ha entrenado con 1000 muestras.
Se ha entrenado con 57080 prototipos.
Ha compartido 456 veces.
Ha compartido 62240 prototipos a cada uno de los 1 vecino/s.
Tiempo de aprendizaje (muestras): 18.785659551620483
Tiempo de aprendizaje (prototipos): 184.67254749659452
Tiempo compartiendo prototipos: 6.467593431472778
Tiempo total: 209.0715959072113
Capacidad de ejecución: 309.088
ID, Tamaño de lotes recibidos: [(1, 1), (3, 3), (2, 7), (2, 11), (1, 7), (0, 8), (0, 9), (1, 17), (0, 26), (3, 28), (1, 53), (3, 30), (1, 69), (2, 58), (0, 54), (3, 47), (0, 60), (0, 77), (3, 60), (3, 61), (2, 65), (1, 74), (3, 55), (2, 101), (2, 104), (3, 94), (2, 73), (1, 105), (1, 87), (2, 92), (0, 84), (0, 95), (3, 100), (1, 148), (3, 92), (1, 114), (3, 106), (3, 112), (3, 116), (0, 79), (3, 90), (0, 101), (3, 101), (2, 108), (3, 117), (1, 88), (3, 119), (2, 103), (2, 122), (0, 101), (2, 154), (0, 91), (0, 72), (1, 107), (3, 88), (2, 150), (1, 113), (0, 102), (3, 88), (1, 112), (3, 110), (1, 97), (3, 123), (3, 124), (3, 113), (2, 120), (2, 120), (3, 121), (2, 117), (3, 114), (1, 115), (1, 107), (1, 118), (2, 93), (2, 118), (2, 118), (1, 119), (0, 87), (0, 99), (0, 99), (1, 113), (1, 132), (1, 127), (2, 110), (3, 121), (1, 129), (2, 141), (1, 125), (0, 99), (2, 149), (0, 102), (0, 101), (2, 125), (1, 136), (1, 125), (0, 110), (2, 149), (0, 99), (1, 112), (0, 132), (0, 140), (1, 142), (0, 143), (0, 114), (3, 117), (0, 134), (0, 134), (3, 113), (2, 109), (0, 156), (3, 131), (2, 117), (3, 117), (3, 127), (1, 137), (1, 142), (2, 155), (1, 137), (0, 122), (2, 167), (1, 140), (3, 123), (0, 116), (2, 124), (3, 129), (3, 132), (1, 131), (1, 133), (0, 122), (0, 130), (0, 107), (2, 127), (3, 119), (0, 113), (2, 158), (2, 132), (2, 148), (2, 136), (3, 124), (2, 148), (0, 105), (0, 107), (0, 106), (0, 107), (2, 189), (1, 122), (1, 132), (3, 106), (2, 135), (3, 134), (3, 135), (0, 109), (0, 114), (1, 146), (1, 154), (2, 130), (3, 155), (2, 139), (2, 139), (0, 122), (2, 142), (0, 125), (1, 144), (2, 135), (0, 115), (2, 155), (3, 119), (3, 126), (1, 150), (0, 119), (0, 127), (2, 141), (2, 141), (1, 142), (3, 122), (3, 134), (2, 152), (3, 142), (1, 140), (3, 137), (2, 133), (3, 140), (0, 129), (2, 129), (1, 133), (3, 112), (1, 163), (0, 130), (2, 152), (1, 145), (2, 141), (3, 135), (2, 150), (2, 136), (0, 136), (2, 138), (0, 138), (3, 126), (3, 123), (0, 136), (3, 115), (1, 157), (1, 167), (1, 145), (2, 145), (3, 125), (3, 117), (1, 174), (3, 124), (0, 138), (1, 152), (0, 124), (3, 133), (1, 134), (2, 142), (2, 145), (1, 167), (0, 130), (2, 151), (1, 169), (0, 127), (2, 168), (0, 131), (3, 125), (0, 126), (3, 140), (2, 155), (1, 133), (2, 135), (0, 143), (0, 127), (2, 157), (3, 124), (0, 135), (0, 148), (0, 144), (0, 158), (3, 135), (0, 141), (2, 145), (3, 154), (1, 142), (1, 130), (3, 136), (1, 140), (2, 147), (2, 156), (0, 172), (0, 185), (2, 152), (0, 143), (1, 147), (2, 162), (2, 162), (0, 158), (1, 161), (0, 140), (1, 132), (2, 159), (2, 159), (0, 127), (2, 148), (3, 130), (0, 126), (2, 147), (1, 144), (2, 160), (2, 144), (3, 149), (3, 145), (0, 126), (2, 142), (0, 118), (1, 146), (3, 151), (1, 155), (0, 128), (3, 127), (3, 141), (0, 146), (1, 163), (2, 139), (1, 146), (2, 160), (3, 148), (3, 136), (0, 138), (3, 139), (3, 130), (0, 125), (0, 139), (1, 148), (0, 141), (0, 148), (0, 145), (3, 151), (0, 127), (1, 150), (2, 149), (0, 135), (0, 144), (3, 186), (2, 141), (2, 168), (1, 191), (3, 147), (3, 135), (3, 137), (0, 114), (2, 139), (2, 145), (3, 169), (2, 157), (0, 136), (1, 220), (0, 123), (1, 157), (2, 135), (3, 157), (0, 120), (3, 155), (0, 115), (1, 145), (2, 134), (1, 194), (3, 158), (2, 140), (3, 137), (3, 138), (1, 198), (1, 165), (2, 144), (1, 143), (2, 127), (0, 143), (2, 148), (1, 166), (0, 149), (0, 125), (1, 155), (1, 177), (1, 167), (0, 142), (2, 149), (2, 152), (2, 154), (1, 153), (3, 155), (3, 144), (1, 156), (2, 155), (3, 163), (3, 144), (3, 153), (3, 143), (3, 166), (2, 148), (3, 142), (1, 152), (1, 151), (2, 149), (0, 116), (0, 126), (0, 131), (2, 119), (2, 136), (0, 123), (1, 150), (3, 159), (0, 121), (0, 125), (2, 126), (1, 191), (2, 152), (2, 136), (2, 146), (0, 120), (2, 146), (0, 136), (1, 174), (1, 151), (2, 132), (0, 147), (2, 202), (2, 137), (2, 155), (0, 136), (2, 166), (2, 138), (0, 121), (3, 159), (0, 146), (0, 164), (0, 142), (2, 157), (2, 159), (3, 156), (3, 176), (0, 133), (0, 125), (2, 195), (2, 148), (3, 159), (0, 136), (3, 157), (1, 188), (3, 162), (0, 138), (0, 141), (1, 157), (3, 167), (2, 174), (1, 167), (3, 164), (2, 212), (3, 187), (3, 152), (1, 167), (1, 152), (0, 175), (0, 131), (3, 164), (3, 156), (1, 151), (2, 147), (0, 146), (3, 144), (3, 147), (3, 166), (3, 174), (2, 155), (0, 148), (1, 151), (2, 160), (3, 143), (3, 143), (3, 156), (0, 146), (0, 147), (0, 164), (2, 146), (2, 150), (2, 151), (2, 151), (1, 159), (1, 162), (1, 158), (2, 202), (1, 150), (1, 150), (1, 165), (1, 166), (0, 140), (0, 142), (3, 168), (0, 158), (0, 154), (1, 162), (0, 137), (1, 157), (3, 172), (1, 168), (1, 178), (0, 172), (0, 183), (3, 155), (0, 141), (3, 156), (3, 158), (3, 163), (0, 179), (1, 175), (2, 181), (3, 164), (1, 178), (0, 141), (2, 162), (1, 170), (0, 152), (1, 152), (2, 184), (3, 157), (2, 221), (0, 156), (0, 158), (3, 152), (0, 168), (1, 172), (2, 162), (2, 169), (1, 178), (3, 164), (3, 164), (2, 180), (3, 159), (3, 170), (3, 154), (3, 165), (3, 167), (1, 165), (2, 148), (0, 145), (0, 158), (1, 174), (3, 156), (3, 152), (2, 193), (3, 176), (1, 156), (3, 160), (3, 202), (3, 163), (3, 163)]

