 - NODO 0.
Precision: 0.803
Recall: 0.946
F1: 0.869
Se ha entrenado con 250 muestras.
Se ha entrenado con 15094 prototipos.
Ha compartido 250 veces.
Ha compartido 19399 prototipos a cada uno de los 1 vecino/s.
Tiempo de aprendizaje (muestras): 3.196629524230957
Tiempo de aprendizaje (prototipos): 39.51170364452511
Tiempo compartiendo prototipos: 4.803179740905762
Tiempo total: 51.39622712135315
Capacidad de ejecución: 382.013
ID, Tamaño de lotes recibidos: [(3, 1), (1, 4), (4, 8), (3, 6), (1, 6), (2, 21), (2, 22), (4, 20), (3, 32), (1, 49), (4, 53), (4, 54), (2, 56), (3, 59), (3, 59), (2, 58), (2, 58), (4, 85), (4, 42), (2, 34), (2, 44), (4, 53), (4, 43), (3, 51), (4, 51), (1, 58), (1, 60), (1, 65), (4, 38), (4, 46), (4, 56), (3, 68), (2, 76), (4, 47), (4, 47), (1, 68), (3, 84), (3, 71), (1, 72), (1, 71), (3, 63), (2, 67), (2, 69), (4, 59), (3, 80), (4, 46), (1, 63), (4, 60), (2, 59), (4, 75), (4, 50), (4, 50), (4, 57), (1, 58), (4, 60), (1, 74), (4, 54), (2, 58), (1, 64), (1, 68), (3, 68), (2, 58), (1, 77), (4, 61), (2, 63), (3, 70), (2, 72), (2, 72), (4, 61), (1, 75), (2, 65), (3, 82), (3, 72), (3, 72), (2, 60), (4, 59), (1, 68), (3, 80), (3, 72), (1, 89), (1, 78), (1, 78), (4, 57), (1, 80), (1, 72), (1, 80), (3, 79), (3, 79), (3, 75), (4, 67), (3, 81), (1, 78), (2, 62), (1, 73), (2, 66), (1, 86), (3, 92), (4, 77), (3, 93), (2, 65), (3, 71), (3, 80), (4, 69), (1, 73), (3, 90), (2, 72), (2, 69), (4, 70), (3, 86), (4, 64), (4, 81), (4, 82), (2, 67), (1, 70), (4, 78), (4, 78), (4, 79), (3, 82), (3, 83), (4, 76), (3, 87), (4, 65), (1, 86), (3, 89), (3, 90), (4, 76), (2, 66), (2, 75), (3, 121), (3, 123), (2, 70), (1, 69), (4, 69), (2, 62), (1, 83), (2, 66), (1, 84), (4, 67), (2, 67), (1, 77), (4, 73), (4, 73), (2, 68), (3, 97), (2, 73), (2, 73), (4, 73), (3, 98), (2, 68), (4, 70), (2, 67), (3, 87), (1, 71), (2, 85), (3, 82), (2, 65), (1, 79), (4, 83), (4, 75), (2, 66), (4, 80), (1, 84), (2, 71), (3, 102), (3, 102), (4, 75), (3, 102), (4, 75), (1, 78), (3, 116), (1, 88), (1, 88), (4, 77), (3, 106), (4, 74), (1, 84), (1, 88), (3, 89), (2, 68), (3, 94), (1, 85), (1, 78), (3, 95), (1, 84), (1, 88), (2, 67), (4, 83), (4, 73), (4, 80), (1, 76), (1, 82), (4, 78), (1, 70), (4, 81), (2, 72), (1, 83), (2, 72), (1, 76), (2, 71), (1, 80), (3, 94), (3, 94), (4, 86), (3, 95), (1, 77), (3, 99), (3, 100), (1, 94), (3, 84), (4, 80), (1, 80), (3, 96), (3, 99), (4, 85), (1, 87), (3, 121), (3, 125), (2, 72), (2, 75), (3, 88), (2, 91), (2, 73), (3, 90), (3, 91), (3, 93), (4, 83), (1, 77), (4, 80), (2, 71), (2, 78), (1, 79), (1, 81), (1, 89), (3, 94), (1, 89), (1, 82), (3, 90), (2, 81), (2, 81), (2, 81), (3, 108), (3, 108), (2, 74), (3, 110), (2, 80), (2, 82), (3, 110), (2, 86), (2, 88), (2, 88), (2, 88)]

 - NODO 1.
Precision: 0.814
Recall: 0.861
F1: 0.837
Se ha entrenado con 250 muestras.
Se ha entrenado con 17888 prototipos.
Ha compartido 250 veces.
Ha compartido 18320 prototipos a cada uno de los 1 vecino/s.
Tiempo de aprendizaje (muestras): 3.5026581287384033
Tiempo de aprendizaje (prototipos): 41.85692522765375
Tiempo compartiendo prototipos: 4.433921575546265
Tiempo total: 55.6761999130249
Capacidad de ejecución: 427.361
ID, Tamaño de lotes recibidos: [(3, 5), (2, 14), (3, 13), (2, 43), (0, 37), (4, 43), (3, 33), (3, 33), (2, 39), (3, 45), (3, 61), (3, 76), (4, 61), (2, 43), (3, 63), (0, 42), (4, 55), (4, 62), (4, 50), (2, 57), (4, 58), (0, 42), (4, 48), (0, 49), (0, 49), (2, 52), (4, 46), (2, 56), (0, 55), (2, 56), (3, 84), (0, 47), (3, 61), (2, 57), (4, 48), (0, 56), (0, 60), (3, 72), (3, 63), (4, 65), (3, 67), (4, 65), (0, 74), (4, 67), (3, 89), (2, 68), (3, 95), (2, 69), (2, 72), (3, 67), (2, 53), (3, 87), (4, 64), (3, 66), (4, 60), (0, 66), (2, 56), (4, 75), (2, 52), (3, 96), (4, 54), (4, 54), (4, 54), (4, 60), (0, 95), (2, 58), (2, 59), (4, 55), (2, 72), (2, 72), (2, 62), (3, 82), (0, 90), (3, 86), (3, 72), (0, 87), (2, 61), (3, 80), (0, 79), (3, 71), (3, 72), (2, 69), (3, 77), (0, 73), (0, 63), (3, 79), (3, 80), (0, 83), (0, 88), (4, 67), (4, 67), (4, 79), (0, 82), (0, 82), (3, 80), (4, 79), (0, 72), (3, 80), (2, 69), (2, 63), (4, 81), (2, 65), (2, 71), (3, 93), (2, 70), (4, 66), (0, 70), (0, 69), (3, 87), (2, 67), (4, 61), (4, 79), (0, 106), (4, 61), (3, 91), (0, 116), (2, 77), (4, 79), (0, 75), (2, 77), (3, 89), (0, 76), (3, 69), (0, 76), (2, 66), (3, 70), (0, 94), (4, 67), (0, 93), (4, 75), (4, 65), (2, 68), (0, 95), (3, 101), (2, 65), (0, 101), (2, 68), (4, 81), (0, 93), (4, 74), (0, 99), (3, 102), (0, 85), (3, 87), (4, 93), (0, 94), (0, 95), (4, 72), (0, 93), (4, 71), (2, 62), (2, 65), (3, 79), (0, 101), (2, 68), (0, 97), (4, 84), (4, 87), (3, 124), (4, 80), (0, 88), (2, 73), (2, 63), (0, 98), (2, 63), (4, 82), (0, 96), (3, 81), (4, 75), (2, 68), (4, 82), (0, 84), (4, 70), (3, 108), (0, 82), (3, 93), (2, 73), (0, 82), (0, 90), (4, 89), (0, 95), (2, 69), (4, 86), (4, 73), (4, 73), (2, 68), (4, 73), (3, 104), (2, 71), (3, 86), (0, 93), (3, 91), (3, 90), (0, 93), (3, 118), (2, 75), (4, 78), (4, 78), (2, 69), (3, 129), (2, 75), (0, 88), (4, 86), (0, 94), (0, 94), (4, 86), (3, 103), (4, 86), (4, 92), (4, 92), (2, 77), (3, 99), (3, 100), (3, 99), (0, 89), (4, 81), (3, 84), (2, 69), (0, 83), (2, 71), (0, 105), (2, 69), (4, 91), (0, 105), (3, 124), (4, 95), (4, 84), (2, 81), (4, 87), (3, 93), (3, 93), (2, 86), (3, 99), (4, 94), (4, 98), (4, 89), (3, 96), (3, 106), (2, 72), (3, 107), (2, 92), (2, 76), (2, 85), (2, 71), (3, 110), (2, 86), (2, 88)]

 - NODO 2.
Precision: 0.78
Recall: 0.876
F1: 0.825
Se ha entrenado con 250 muestras.
Se ha entrenado con 19355 prototipos.
Ha compartido 250 veces.
Ha compartido 16803 prototipos a cada uno de los 1 vecino/s.
Tiempo de aprendizaje (muestras): 4.040423154830933
Tiempo de aprendizaje (prototipos): 47.247288273899194
Tiempo compartiendo prototipos: 3.9567933082580566
Tiempo total: 62.00131797790527
Capacidad de ejecución: 409.653
ID, Tamaño de lotes recibidos: [(1, 1), (4, 1), (3, 4), (0, 3), (4, 8), (3, 6), (0, 14), (1, 6), (0, 18), (3, 20), (0, 18), (1, 9), (0, 29), (0, 35), (1, 9), (1, 22), (0, 46), (0, 64), (1, 59), (0, 79), (3, 78), (0, 51), (1, 48), (3, 61), (4, 44), (4, 47), (1, 53), (1, 51), (3, 67), (1, 58), (3, 52), (1, 65), (3, 56), (4, 51), (1, 69), (4, 57), (4, 57), (3, 66), (3, 68), (3, 68), (4, 52), (3, 71), (3, 72), (3, 72), (0, 75), (1, 67), (3, 67), (4, 60), (3, 67), (0, 57), (0, 70), (1, 67), (3, 65), (4, 53), (1, 71), (0, 71), (1, 62), (0, 60), (4, 54), (0, 67), (4, 54), (0, 68), (1, 80), (4, 54), (4, 55), (1, 62), (4, 60), (0, 74), (0, 69), (4, 62), (3, 81), (0, 74), (4, 61), (0, 78), (3, 84), (0, 77), (1, 82), (4, 55), (1, 63), (1, 75), (0, 85), (4, 59), (1, 71), (3, 66), (4, 59), (0, 79), (4, 59), (1, 78), (4, 60), (4, 61), (0, 89), (1, 78), (0, 93), (4, 66), (4, 69), (4, 69), (0, 80), (0, 69), (4, 62), (1, 81), (0, 88), (3, 80), (1, 70), (0, 95), (4, 67), (0, 98), (0, 72), (0, 63), (0, 82), (4, 76), (1, 85), (4, 75), (4, 63), (1, 74), (4, 60), (4, 73), (4, 64), (1, 73), (3, 85), (0, 109), (4, 78), (0, 83), (3, 84), (1, 87), (4, 66), (3, 94), (3, 77), (1, 74), (4, 59), (1, 75), (4, 70), (3, 81), (0, 79), (0, 83), (1, 79), (0, 94), (1, 79), (3, 76), (4, 72), (3, 87), (4, 64), (3, 93), (1, 79), (4, 74), (4, 65), (3, 117), (0, 99), (0, 75), (4, 76), (0, 95), (4, 64), (1, 72), (4, 73), (0, 96), (1, 78), (4, 73), (3, 94), (1, 76), (0, 85), (1, 83), (1, 85), (4, 94), (4, 70), (1, 82), (3, 92), (1, 78), (0, 93), (1, 91), (4, 74), (1, 81), (0, 100), (0, 101), (1, 84), (1, 82), (1, 77), (3, 123), (4, 76), (3, 92), (0, 103), (3, 106), (3, 112), (0, 114), (0, 78), (4, 72), (4, 72), (3, 105), (0, 91), (3, 113), (0, 95), (4, 74), (0, 89), (1, 87), (0, 83), (0, 88), (0, 80), (4, 86), (4, 95), (1, 74), (3, 89), (1, 73), (0, 93), (3, 87), (4, 80), (1, 83), (0, 99), (3, 103), (1, 80), (1, 70), (1, 71), (3, 118), (4, 78), (4, 79), (1, 83), (0, 92), (1, 76), (4, 87), (4, 87), (1, 74), (3, 100), (3, 100), (0, 91), (0, 92), (1, 99), (0, 92), (1, 82), (4, 81), (4, 84), (1, 85), (1, 91), (0, 99), (3, 92), (0, 100), (4, 86), (1, 79), (0, 112), (1, 85), (3, 102), (4, 88), (4, 86), (1, 81), (3, 95), (4, 88), (3, 107), (4, 89), (3, 116), (1, 87), (3, 106), (3, 107), (3, 107), (3, 107), (3, 107), (3, 109), (3, 110), (3, 110), (3, 110), (3, 110), (3, 110)]

 - NODO 3.
Precision: 0.759
Recall: 0.882
F1: 0.816
Se ha entrenado con 250 muestras.
Se ha entrenado con 18182 prototipos.
Ha compartido 250 veces.
Ha compartido 21077 prototipos a cada uno de los 1 vecino/s.
Tiempo de aprendizaje (muestras): 3.434312582015991
Tiempo de aprendizaje (prototipos): 44.844922523302316
Tiempo compartiendo prototipos: 4.123932361602783
Tiempo total: 58.64136338233948
Capacidad de ejecución: 405.442
ID, Tamaño de lotes recibidos: [(0, 2), (0, 3), (2, 1), (4, 2), (1, 6), (0, 14), (0, 17), (4, 20), (0, 30), (4, 43), (1, 52), (2, 58), (1, 32), (0, 45), (1, 45), (2, 53), (0, 48), (2, 62), (4, 43), (4, 48), (1, 44), (2, 47), (0, 50), (2, 51), (1, 37), (1, 41), (0, 53), (4, 54), (1, 58), (2, 47), (0, 55), (4, 47), (4, 46), (1, 66), (0, 49), (0, 49), (1, 69), (1, 76), (1, 58), (4, 48), (0, 56), (1, 59), (4, 52), (1, 58), (2, 44), (2, 56), (1, 71), (2, 57), (0, 75), (1, 73), (4, 54), (4, 56), (1, 65), (4, 55), (0, 54), (2, 57), (0, 76), (0, 81), (1, 71), (0, 72), (2, 64), (4, 63), (0, 73), (1, 81), (4, 60), (2, 53), (1, 66), (0, 89), (4, 60), (1, 71), (1, 73), (2, 57), (0, 72), (0, 58), (2, 72), (1, 74), (1, 81), (2, 61), (2, 59), (2, 67), (0, 71), (1, 69), (4, 59), (0, 80), (4, 59), (2, 59), (0, 85), (0, 83), (1, 68), (2, 68), (4, 69), (4, 70), (0, 75), (0, 82), (0, 88), (2, 64), (4, 67), (2, 61), (1, 70), (2, 68), (2, 63), (1, 77), (0, 73), (2, 70), (0, 75), (1, 72), (1, 82), (2, 65), (4, 68), (2, 62), (2, 65), (2, 64), (2, 64), (1, 78), (1, 80), (0, 92), (4, 60), (0, 82), (2, 67), (0, 93), (2, 66), (0, 115), (4, 78), (0, 117), (1, 73), (1, 80), (2, 77), (4, 80), (2, 77), (1, 115), (4, 62), (1, 82), (0, 97), (1, 87), (0, 76), (4, 70), (2, 66), (2, 68), (2, 68), (0, 94), (1, 82), (1, 82), (0, 95), (1, 79), (1, 79), (4, 68), (0, 71), (2, 79), (0, 93), (2, 80), (0, 93), (2, 62), (1, 79), (0, 105), (1, 77), (2, 68), (0, 82), (1, 81), (1, 87), (4, 70), (2, 64), (2, 73), (2, 75), (2, 65), (2, 62), (4, 74), (2, 65), (1, 83), (0, 100), (1, 83), (1, 82), (0, 88), (1, 75), (1, 78), (0, 107), (2, 67), (4, 74), (2, 66), (4, 77), (2, 72), (0, 90), (0, 95), (4, 76), (2, 66), (4, 77), (4, 80), (1, 84), (2, 70), (4, 81), (2, 74), (1, 88), (4, 75), (2, 73), (4, 88), (2, 63), (0, 90), (1, 87), (1, 88), (1, 90), (1, 91), (2, 67), (0, 91), (0, 83), (1, 83), (4, 80), (4, 81), (2, 68), (4, 81), (0, 93), (1, 82), (0, 90), (4, 86), (4, 79), (0, 84), (0, 84), (4, 79), (0, 88), (2, 72), (1, 71), (2, 76), (4, 86), (4, 86), (0, 91), (4, 86), (1, 82), (4, 92), (2, 67), (0, 94), (4, 80), (1, 79), (1, 80), (0, 99), (2, 76), (0, 94), (0, 99), (1, 84), (1, 89), (1, 84), (2, 82), (1, 84), (2, 90), (4, 87), (2, 86), (4, 87), (4, 86), (4, 87), (2, 80), (4, 96), (2, 91), (1, 89), (4, 89), (1, 79), (1, 87), (1, 87), (2, 81), (2, 86), (2, 87), (2, 88), (2, 88), (2, 88)]

 - NODO 4.
Precision: 0.847
Recall: 0.917
F1: 0.881
Se ha entrenado con 250 muestras.
Se ha entrenado con 16186 prototipos.
Ha compartido 250 veces.
Ha compartido 17127 prototipos a cada uno de los 1 vecino/s.
Tiempo de aprendizaje (muestras): 3.1280362606048584
Tiempo de aprendizaje (prototipos): 40.787705774792606
Tiempo compartiendo prototipos: 4.686174392700195
Tiempo total: 55.08239197731018
Capacidad de ejecución: 396.835
ID, Tamaño de lotes recibidos: [(3, 2), (3, 5), (3, 6), (0, 3), (2, 9), (2, 14), (3, 21), (3, 21), (1, 9), (2, 34), (3, 33), (1, 34), (2, 34), (0, 51), (2, 53), (3, 57), (1, 53), (2, 46), (3, 56), (1, 53), (1, 53), (0, 52), (3, 63), (3, 64), (0, 43), (3, 70), (1, 56), (2, 57), (3, 50), (3, 56), (0, 55), (0, 56), (0, 57), (3, 56), (2, 64), (2, 67), (2, 69), (0, 49), (3, 63), (3, 68), (0, 65), (0, 56), (0, 56), (1, 61), (2, 57), (1, 61), (1, 61), (2, 57), (0, 56), (0, 73), (1, 68), (3, 90), (3, 91), (0, 77), (0, 57), (0, 63), (2, 51), (0, 73), (1, 68), (2, 57), (2, 51), (1, 61), (0, 66), (0, 72), (0, 56), (2, 64), (0, 71), (0, 72), (3, 70), (1, 72), (0, 72), (0, 62), (1, 74), (3, 81), (2, 61), (3, 81), (1, 75), (2, 65), (0, 71), (2, 61), (3, 68), (3, 69), (1, 79), (2, 59), (1, 80), (1, 80), (1, 69), (2, 65), (1, 70), (1, 72), (1, 77), (0, 74), (0, 75), (3, 85), (1, 74), (3, 100), (3, 102), (0, 76), (2, 62), (0, 82), (1, 81), (3, 71), (1, 79), (3, 80), (0, 92), (0, 88), (1, 72), (0, 101), (1, 87), (1, 87), (3, 91), (0, 83), (3, 82), (3, 86), (1, 102), (0, 94), (3, 87), (2, 67), (2, 76), (1, 89), (1, 89), (1, 74), (0, 76), (1, 82), (3, 81), (0, 72), (2, 65), (3, 84), (1, 79), (3, 93), (2, 75), (0, 85), (0, 93), (1, 81), (0, 75), (0, 81), (3, 98), (2, 66), (3, 83), (0, 93), (2, 69), (0, 75), (3, 102), (2, 73), (1, 87), (2, 64), (0, 76), (2, 68), (3, 103), (0, 85), (0, 74), (1, 71), (2, 76), (0, 100), (0, 100), (2, 66), (1, 74), (0, 81), (2, 73), (0, 88), (3, 92), (2, 63), (2, 69), (3, 99), (3, 99), (2, 71), (1, 88), (3, 122), (2, 70), (1, 71), (0, 88), (0, 85), (2, 68), (3, 114), (3, 116), (1, 84), (3, 118), (2, 68), (0, 95), (3, 102), (2, 74), (0, 90), (3, 84), (2, 73), (1, 69), (0, 93), (3, 99), (0, 90), (2, 70), (1, 77), (0, 91), (2, 72), (0, 93), (0, 85), (0, 94), (2, 75), (0, 94), (1, 80), (2, 83), (1, 78), (2, 88), (0, 84), (1, 83), (1, 84), (3, 88), (1, 82), (1, 80), (0, 91), (2, 76), (3, 125), (0, 93), (3, 109), (3, 109), (1, 86), (1, 84), (3, 105), (1, 81), (1, 81), (2, 79), (1, 79), (2, 92), (2, 93), (3, 99), (2, 96), (3, 99), (3, 107), (3, 108), (3, 110), (3, 110), (2, 86), (2, 88), (2, 88), (2, 88), (2, 88)]

