 - NODO 0.
Precision: 0.984
Recall: 0.982
F1: 0.983
Se ha entrenado con 113500 muestras.
Se ha entrenado con 0 prototipos.
Ha compartido 0 veces.
Ha compartido 0 prototipos a cada uno de los 4 vecino/s.
Tiempo de aprendizaje (muestras): 1640.8695431957021
Tiempo de aprendizaje (prototipos): 11164.160815858
Tiempo compartiendo prototipos: 0.34819184336811304
Tiempo total: 12701.280907563167
Capacidad de ejecución: 8.936106588463431
ID, Tamaño de lotes recibidos: []
Tamaño conjunto de prototipos: [(0, 0), (120, 75), (240, 62), (360, 64), (480, 138), (600, 214), (720, 287), (840, 359), (960, 144), (1080, 217), (1200, 65), (1320, 138), (1440, 212), (1560, 285), (1680, 358), (1800, 431), (1920, 502), (2040, 575), (2160, 202), (2280, 274), (2400, 349), (2520, 421), (2640, 152), (2760, 54), (2880, 28), (3000, 101), (3120, 174), (3240, 245), (3360, 317), (3480, 391), (3600, 136), (3720, 209), (3840, 104), (3960, 176), (4080, 73), (4200, 145), (4320, 218), (4440, 106), (4560, 67), (4680, 141), (4800, 213), (4920, 286), (5040, 140), (5160, 213), (5280, 285), (5400, 358), (5520, 433), (5640, 172), (5760, 246), (5880, 320), (6000, 392), (6120, 466), (6240, 157), (6360, 231), (6480, 304), (6600, 86), (6720, 160), (6840, 85), (6960, 158), (7080, 54), (7200, 124), (7320, 196), (7440, 268), (7560, 123), (7680, 196), (7800, 269), (7920, 343), (8040, 141), (8160, 65), (8280, 137), (8400, 59), (8520, 131), (8640, 203), (8760, 276), (8880, 349), (9000, 424), (9120, 497), (9240, 571), (9360, 644), (9480, 720), (9600, 203), (9720, 255), (9840, 328), (9960, 400), (10080, 112), (10200, 185), (10320, 257), (10440, 122), (10560, 67), (10680, 140), (10800, 213), (10920, 285), (11040, 359), (11160, 432), (11280, 138), (11400, 210), (11520, 282), (11640, 354), (11760, 134), (11880, 59), (12000, 38), (12120, 106), (12240, 177), (12360, 249), (12480, 110), (12600, 183), (12720, 256), (12840, 119), (12960, 67), (13080, 140), (13200, 214), (13320, 286), (13440, 358), (13560, 149), (13680, 60), (13800, 24), (13920, 84), (14040, 158), (14160, 82), (14280, 55), (14400, 35), (14520, 108), (14640, 181), (14760, 254), (14880, 107), (15000, 28), (15120, 101), (15240, 79), (15360, 64), (15480, 140), (15600, 214), (15720, 287), (15840, 361), (15960, 435), (16080, 135), (16200, 210), (16320, 283), (16440, 98), (16560, 66), (16680, 139), (16800, 56), (16920, 126), (17040, 199), (17160, 95), (17280, 56), (17400, 129), (17520, 205), (17640, 99), (17760, 172), (17880, 72), (18000, 146), (18120, 218), (18240, 116), (18360, 73), (18480, 147), (18600, 221), (18720, 294), (18840, 368), (18960, 139), (19080, 47), (19200, 28), (19320, 92), (19440, 85), (19560, 157), (19680, 230), (19800, 84), (19920, 146), (20040, 88), (20160, 162), (20280, 234), (20400, 307), (20520, 381), (20640, 455), (20760, 527), (20880, 599), (21000, 189), (21120, 260), (21240, 333), (21360, 108), (21480, 182), (21600, 60), (21720, 117), (21840, 189), (21960, 102), (22080, 176), (22200, 58), (22320, 122), (22440, 195), (22560, 268), (22680, 95), (22800, 39), (22920, 111), (23040, 91), (23160, 63), (23280, 44), (23400, 118), (23520, 190), (23640, 262), (23760, 119), (23880, 192), (24000, 266), (24120, 340), (24240, 414), (24360, 486), (24480, 560), (24600, 636), (24720, 710), (24840, 214), (24960, 285), (25080, 359), (25200, 102), (25320, 170), (25440, 101), (25560, 173), (25680, 246), (25800, 322), (25920, 395), (26040, 469), (26160, 543), (26280, 616), (26400, 174), (26520, 247), (26640, 319), (26760, 394), (26880, 466), (27000, 540), (27120, 613), (27240, 193), (27360, 266), (27480, 339), (27600, 412), (27720, 485), (27840, 557), (27960, 188), (28080, 261), (28200, 68), (28320, 138), (28440, 209), (28560, 95), (28680, 170), (28800, 61), (28920, 134), (29040, 209), (29160, 284), (29280, 356), (29400, 430), (29520, 502), (29640, 577), (29760, 649), (29880, 196), (30000, 269), (30120, 343), (30240, 116), (30360, 190), (30480, 262), (30600, 335), (30720, 407), (30840, 168), (30960, 242), (31080, 317), (31200, 390), (31320, 463), (31440, 536), (31560, 165), (31680, 238), (31800, 68), (31920, 144), (32040, 82), (32160, 59), (32280, 45), (32400, 118), (32520, 190), (32640, 263), (32760, 336), (32880, 409), (33000, 481), (33120, 552), (33240, 625), (33360, 698), (33480, 227), (33600, 299), (33720, 373), (33840, 447), (33960, 149), (34080, 223), (34200, 298), (34320, 374), (34440, 446), (34560, 140), (34680, 212), (34800, 286), (34920, 359), (35040, 433), (35160, 505), (35280, 579), (35400, 153), (35520, 213), (35640, 286), (35760, 359), (35880, 99), (36000, 174), (36120, 246), (36240, 108), (36360, 67), (36480, 29), (36600, 28), (36720, 102), (36840, 174), (36960, 97), (37080, 43), (37200, 27), (37320, 100), (37440, 78), (37560, 57), (37680, 46), (37800, 119), (37920, 191), (38040, 265), (38160, 114), (38280, 56), (38400, 131), (38520, 205), (38640, 105), (38760, 178), (38880, 249), (39000, 83), (39120, 134), (39240, 91), (39360, 164), (39480, 236), (39600, 90), (39720, 157), (39840, 232), (39960, 303), (40080, 377), (40200, 449), (40320, 522), (40440, 595), (40560, 668), (40680, 740), (40800, 812), (40920, 886), (41040, 959), (41160, 1032), (41280, 312), (41400, 55), (41520, 123), (41640, 197), (41760, 270), (41880, 343), (42000, 415), (42120, 488), (42240, 196), (42360, 269), (42480, 79), (42600, 32), (42720, 106), (42840, 179), (42960, 254), (43080, 327), (43200, 399), (43320, 472), (43440, 183), (43560, 256), (43680, 75), (43800, 148), (43920, 220), (44040, 109), (44160, 182), (44280, 80), (44400, 154), (44520, 226), (44640, 122), (44760, 76), (44880, 50), (45000, 23), (45120, 95), (45240, 167), (45360, 242), (45480, 314), (45600, 386), (45720, 459), (45840, 187), (45960, 260), (46080, 332), (46200, 107), (46320, 175), (46440, 247), (46560, 319), (46680, 394), (46800, 468), (46920, 539), (47040, 612), (47160, 204), (47280, 69), (47400, 35), (47520, 106), (47640, 80), (47760, 68), (47880, 141), (48000, 55), (48120, 129), (48240, 83), (48360, 69), (48480, 142), (48600, 216), (48720, 289), (48840, 362), (48960, 136), (49080, 43), (49200, 117), (49320, 187), (49440, 120), (49560, 71), (49680, 42), (49800, 32), (49920, 104), (50040, 179), (50160, 250), (50280, 323), (50400, 397), (50520, 470), (50640, 543), (50760, 165), (50880, 239), (51000, 59), (51120, 134), (51240, 84), (51360, 155), (51480, 229), (51600, 85), (51720, 161), (51840, 80), (51960, 153), (52080, 229), (52200, 302), (52320, 375), (52440, 449), (52560, 145), (52680, 53), (52800, 128), (52920, 201), (53040, 273), (53160, 344), (53280, 420), (53400, 493), (53520, 567), (53640, 639), (53760, 224), (53880, 298), (54000, 371), (54120, 443), (54240, 155), (54360, 76), (54480, 151), (54600, 224), (54720, 299), (54840, 373), (54960, 125), (55080, 45), (55200, 118), (55320, 191), (55440, 263), (55560, 122), (55680, 195), (55800, 52), (55920, 127), (56040, 84), (56160, 68), (56280, 43), (56400, 117), (56520, 190), (56640, 263), (56760, 119), (56880, 195), (57000, 48), (57120, 112), (57240, 63), (57360, 136), (57480, 208), (57600, 281), (57720, 353), (57840, 164), (57960, 240), (58080, 314), (58200, 386), (58320, 459), (58440, 533), (58560, 607), (58680, 679), (58800, 194), (58920, 268), (59040, 104), (59160, 179), (59280, 251), (59400, 326), (59520, 401), (59640, 475), (59760, 548), (59880, 621), (60000, 173), (60120, 233), (60240, 306), (60360, 106), (60480, 46), (60600, 119), (60720, 192), (60840, 101), (60960, 175), (61080, 70), (61200, 143), (61320, 217), (61440, 289), (61560, 116), (61680, 188), (61800, 261), (61920, 334), (62040, 406), (62160, 479), (62280, 552), (62400, 196), (62520, 261), (62640, 332), (62760, 404), (62880, 479), (63000, 552), (63120, 624), (63240, 694), (63360, 297), (63480, 363), (63600, 437), (63720, 510), (63840, 284), (63960, 205), (64080, 278), (64200, 166), (64320, 239), (64440, 193), (64560, 157), (64680, 129), (64800, 105), (64920, 180), (65040, 143), (65160, 217), (65280, 291), (65400, 132), (65520, 198), (65640, 140), (65760, 214), (65880, 127), (66000, 201), (66120, 273), (66240, 344), (66360, 418), (66480, 491), (66600, 178), (66720, 247), (66840, 320), (66960, 394), (67080, 466), (67200, 154), (67320, 227), (67440, 126), (67560, 201), (67680, 273), (67800, 345), (67920, 417), (68040, 491), (68160, 565), (68280, 200), (68400, 272), (68520, 345), (68640, 133), (68760, 95), (68880, 165), (69000, 238), (69120, 311), (69240, 172), (69360, 246), (69480, 103), (69600, 177), (69720, 250), (69840, 322), (69960, 397), (70080, 138), (70200, 212), (70320, 285), (70440, 131), (70560, 205), (70680, 278), (70800, 350), (70920, 423), (71040, 189), (71160, 262), (71280, 335), (71400, 408), (71520, 482), (71640, 557), (71760, 630), (71880, 700), (72000, 204), (72120, 270), (72240, 344), (72360, 106), (72480, 179), (72600, 252), (72720, 323), (72840, 396), (72960, 154), (73080, 227), (73200, 300), (73320, 373), (73440, 163), (73560, 236), (73680, 94), (73800, 43), (73920, 113), (74040, 90), (74160, 64), (74280, 48), (74400, 122), (74520, 196), (74640, 270), (74760, 343), (74880, 416), (75000, 489), (75120, 563), (75240, 636), (75360, 206), (75480, 54), (75600, 29), (75720, 101), (75840, 172), (75960, 246), (76080, 320), (76200, 119), (76320, 194), (76440, 267), (76560, 341), (76680, 103), (76800, 39), (76920, 112), (77040, 186), (77160, 261), (77280, 88), (77400, 160), (77520, 233), (77640, 110), (77760, 182), (77880, 255), (78000, 100), (78120, 174), (78240, 89), (78360, 73), (78480, 49), (78600, 32), (78720, 102), (78840, 174), (78960, 94), (79080, 168), (79200, 241), (79320, 313), (79440, 385), (79560, 459), (79680, 532), (79800, 603), (79920, 678), (80040, 259), (80160, 331), (80280, 404), (80400, 101), (80520, 165), (80640, 239), (80760, 312), (80880, 382), (81000, 456), (81120, 528), (81240, 600), (81360, 673), (81480, 206), (81600, 278), (81720, 352), (81840, 423), (81960, 495), (82080, 566), (82200, 639), (82320, 713), (82440, 258), (82560, 83), (82680, 156), (82800, 55), (82920, 127), (83040, 201), (83160, 272), (83280, 344), (83400, 416), (83520, 489), (83640, 187), (83760, 73), (83880, 146), (84000, 61), (84120, 120), (84240, 84), (84360, 60), (84480, 133), (84600, 62), (84720, 135), (84840, 88), (84960, 61), (85080, 135), (85200, 59), (85320, 133), (85440, 207), (85560, 281), (85680, 355), (85800, 103), (85920, 172), (86040, 245), (86160, 320), (86280, 96), (86400, 39), (86520, 111), (86640, 185), (86760, 257), (86880, 330), (87000, 403), (87120, 476), (87240, 184), (87360, 71), (87480, 144), (87600, 66), (87720, 140), (87840, 214), (87960, 286), (88080, 359), (88200, 432), (88320, 505), (88440, 580), (88560, 197), (88680, 35), (88800, 29), (88920, 93), (89040, 167), (89160, 240), (89280, 314), (89400, 112), (89520, 186), (89640, 258), (89760, 109), (89880, 183), (90000, 56), (90120, 130), (90240, 204), (90360, 75), (90480, 45), (90600, 31), (90720, 103), (90840, 177), (90960, 248), (91080, 320), (91200, 121), (91320, 187), (91440, 258), (91560, 81), (91680, 153), (91800, 228), (91920, 301), (92040, 135), (92160, 67), (92280, 139), (92400, 210), (92520, 283), (92640, 147), (92760, 218), (92880, 87), (93000, 38), (93120, 99), (93240, 173), (93360, 246), (93480, 106), (93600, 177), (93720, 249), (93840, 320), (93960, 393), (94080, 146), (94200, 219), (94320, 291), (94440, 364), (94560, 127), (94680, 201), (94800, 58), (94920, 131), (95040, 204), (95160, 277), (95280, 351), (95400, 104), (95520, 172), (95640, 246), (95760, 320), (95880, 395), (96000, 109), (96120, 170), (96240, 245), (96360, 96), (96480, 169), (96600, 54), (96720, 122), (96840, 84), (96960, 62), (97080, 45), (97200, 119), (97320, 192), (97440, 267), (97560, 114), (97680, 186), (97800, 260), (97920, 332), (98040, 135), (98160, 207), (98280, 76), (98400, 149), (98520, 224), (98640, 297), (98760, 107), (98880, 182), (99000, 255), (99120, 328), (99240, 127), (99360, 66), (99480, 140), (99600, 213), (99720, 285), (99840, 359), (99960, 149), (100080, 221), (100200, 295), (100320, 368), (100440, 441), (100560, 159), (100680, 228), (100800, 71), (100920, 146), (101040, 81), (101160, 65), (101280, 44), (101400, 117), (101520, 190), (101640, 263), (101760, 336), (101880, 410), (102000, 480), (102120, 553), (102240, 627), (102360, 700), (102480, 228), (102600, 302), (102720, 376), (102840, 124), (102960, 193), (103080, 266), (103200, 91), (103320, 154), (103440, 225), (103560, 297), (103680, 369), (103800, 136), (103920, 209), (104040, 282), (104160, 113), (104280, 187), (104400, 261), (104520, 333), (104640, 406), (104760, 478), (104880, 552), (105000, 625), (105120, 699), (105240, 773), (105360, 851), (105480, 925), (105600, 998), (105720, 1072), (105840, 1145), (105960, 322), (106080, 394), (106200, 85), (106320, 160), (106440, 232), (106560, 93), (106680, 166), (106800, 239), (106920, 314), (107040, 387), (107160, 461), (107280, 534), (107400, 607), (107520, 681), (107640, 754), (107760, 827), (107880, 900), (108000, 971), (108120, 1043), (108240, 1118), (108360, 1191), (108480, 350), (108600, 424), (108720, 497), (108840, 137), (108960, 210), (109080, 284), (109200, 358), (109320, 431), (109440, 503), (109560, 575), (109680, 650), (109800, 725), (109920, 797), (110040, 871), (110160, 945), (110280, 1019), (110400, 1094), (110520, 1168), (110640, 356), (110760, 92), (110880, 42), (111000, 36), (111120, 111), (111240, 183), (111360, 255), (111480, 329), (111600, 401), (111720, 475), (111840, 548), (111960, 203), (112080, 276), (112200, 348), (112320, 420), (112440, 150), (112560, 74), (112680, 45), (112800, 117), (112920, 190), (113040, 263), (113160, 111), (113280, 184), (113400, 67)]

 - NODO 1.
Precision: 0.986
Recall: 0.973
F1: 0.98
Se ha entrenado con 113500 muestras.
Se ha entrenado con 0 prototipos.
Ha compartido 0 veces.
Ha compartido 0 prototipos a cada uno de los 4 vecino/s.
Tiempo de aprendizaje (muestras): 1720.945588848088
Tiempo de aprendizaje (prototipos): 11162.491000668
Tiempo compartiendo prototipos: 0.3475906099192798
Tiempo total: 12777.622413289966
Capacidad de ejecución: 8.882716700248475
ID, Tamaño de lotes recibidos: []
Tamaño conjunto de prototipos: [(0, 0), (120, 74), (240, 83), (360, 157), (480, 230), (600, 74), (720, 147), (840, 223), (960, 296), (1080, 77), (1200, 153), (1320, 227), (1440, 300), (1560, 90), (1680, 165), (1800, 238), (1920, 311), (2040, 383), (2160, 457), (2280, 152), (2400, 225), (2520, 299), (2640, 371), (2760, 443), (2880, 515), (3000, 587), (3120, 661), (3240, 235), (3360, 307), (3480, 85), (3600, 31), (3720, 97), (3840, 170), (3960, 84), (4080, 52), (4200, 125), (4320, 197), (4440, 115), (4560, 70), (4680, 144), (4800, 51), (4920, 123), (5040, 198), (5160, 70), (5280, 38), (5400, 112), (5520, 186), (5640, 258), (5760, 333), (5880, 408), (6000, 482), (6120, 552), (6240, 626), (6360, 698), (6480, 772), (6600, 845), (6720, 916), (6840, 989), (6960, 1063), (7080, 327), (7200, 400), (7320, 474), (7440, 138), (7560, 212), (7680, 285), (7800, 86), (7920, 162), (8040, 237), (8160, 310), (8280, 385), (8400, 459), (8520, 531), (8640, 605), (8760, 677), (8880, 184), (9000, 34), (9120, 104), (9240, 81), (9360, 70), (9480, 47), (9600, 120), (9720, 192), (9840, 264), (9960, 338), (10080, 411), (10200, 141), (10320, 214), (10440, 287), (10560, 115), (10680, 47), (10800, 22), (10920, 98), (11040, 171), (11160, 246), (11280, 321), (11400, 393), (11520, 465), (11640, 162), (11760, 76), (11880, 149), (12000, 58), (12120, 132), (12240, 93), (12360, 68), (12480, 140), (12600, 214), (12720, 286), (12840, 360), (12960, 142), (13080, 43), (13200, 24), (13320, 98), (13440, 171), (13560, 85), (13680, 157), (13800, 59), (13920, 126), (14040, 200), (14160, 89), (14280, 56), (14400, 26), (14520, 96), (14640, 84), (14760, 156), (14880, 230), (15000, 79), (15120, 144), (15240, 91), (15360, 66), (15480, 139), (15600, 212), (15720, 285), (15840, 132), (15960, 204), (16080, 65), (16200, 139), (16320, 212), (16440, 113), (16560, 186), (16680, 258), (16800, 332), (16920, 406), (17040, 149), (17160, 74), (17280, 51), (17400, 29), (17520, 102), (17640, 175), (17760, 247), (17880, 319), (18000, 393), (18120, 467), (18240, 541), (18360, 613), (18480, 684), (18600, 757), (18720, 830), (18840, 904), (18960, 977), (19080, 1050), (19200, 1122), (19320, 1195), (19440, 405), (19560, 101), (19680, 51), (19800, 123), (19920, 197), (20040, 115), (20160, 187), (20280, 87), (20400, 33), (20520, 103), (20640, 175), (20760, 76), (20880, 46), (21000, 25), (21120, 96), (21240, 80), (21360, 63), (21480, 136), (21600, 55), (21720, 129), (21840, 201), (21960, 94), (22080, 167), (22200, 55), (22320, 127), (22440, 202), (22560, 275), (22680, 85), (22800, 28), (22920, 89), (23040, 83), (23160, 156), (23280, 230), (23400, 75), (23520, 148), (23640, 83), (23760, 157), (23880, 231), (24000, 305), (24120, 377), (24240, 450), (24360, 522), (24480, 596), (24600, 671), (24720, 744), (24840, 815), (24960, 886), (25080, 960), (25200, 279), (25320, 350), (25440, 117), (25560, 69), (25680, 144), (25800, 216), (25920, 290), (26040, 361), (26160, 435), (26280, 160), (26400, 233), (26520, 306), (26640, 379), (26760, 453), (26880, 526), (27000, 601), (27120, 675), (27240, 749), (27360, 821), (27480, 224), (27600, 48), (27720, 103), (27840, 176), (27960, 248), (28080, 320), (28200, 393), (28320, 466), (28440, 539), (28560, 613), (28680, 686), (28800, 761), (28920, 833), (29040, 909), (29160, 294), (29280, 366), (29400, 81), (29520, 151), (29640, 222), (29760, 98), (29880, 171), (30000, 245), (30120, 318), (30240, 391), (30360, 141), (30480, 215), (30600, 289), (30720, 359), (30840, 432), (30960, 155), (31080, 67), (31200, 140), (31320, 212), (31440, 113), (31560, 186), (31680, 258), (31800, 331), (31920, 404), (32040, 174), (32160, 46), (32280, 119), (32400, 52), (32520, 125), (32640, 200), (32760, 273), (32880, 346), (33000, 114), (33120, 188), (33240, 263), (33360, 336), (33480, 411), (33600, 108), (33720, 179), (33840, 78), (33960, 152), (34080, 224), (34200, 299), (34320, 372), (34440, 156), (34560, 230), (34680, 72), (34800, 146), (34920, 219), (35040, 109), (35160, 69), (35280, 143), (35400, 215), (35520, 288), (35640, 137), (35760, 212), (35880, 284), (36000, 87), (36120, 158), (36240, 231), (36360, 305), (36480, 377), (36600, 450), (36720, 522), (36840, 598), (36960, 671), (37080, 745), (37200, 819), (37320, 892), (37440, 964), (37560, 298), (37680, 371), (37800, 444), (37920, 518), (38040, 153), (38160, 226), (38280, 75), (38400, 148), (38520, 223), (38640, 301), (38760, 101), (38880, 49), (39000, 22), (39120, 81), (39240, 154), (39360, 227), (39480, 98), (39600, 171), (39720, 245), (39840, 116), (39960, 189), (40080, 65), (40200, 138), (40320, 212), (40440, 285), (40560, 359), (40680, 123), (40800, 196), (40920, 267), (41040, 131), (41160, 204), (41280, 83), (41400, 156), (41520, 227), (41640, 300), (41760, 373), (41880, 136), (42000, 212), (42120, 284), (42240, 356), (42360, 430), (42480, 130), (42600, 204), (42720, 277), (42840, 116), (42960, 189), (43080, 64), (43200, 35), (43320, 110), (43440, 183), (43560, 255), (43680, 328), (43800, 401), (43920, 474), (44040, 186), (44160, 259), (44280, 330), (44400, 107), (44520, 164), (44640, 240), (44760, 314), (44880, 96), (45000, 170), (45120, 246), (45240, 104), (45360, 53), (45480, 37), (45600, 38), (45720, 110), (45840, 182), (45960, 108), (46080, 37), (46200, 110), (46320, 184), (46440, 258), (46560, 111), (46680, 184), (46800, 257), (46920, 328), (47040, 144), (47160, 42), (47280, 41), (47400, 35), (47520, 109), (47640, 89), (47760, 163), (47880, 234), (48000, 308), (48120, 380), (48240, 454), (48360, 529), (48480, 602), (48600, 676), (48720, 749), (48840, 823), (48960, 258), (49080, 64), (49200, 28), (49320, 101), (49440, 173), (49560, 79), (49680, 152), (49800, 224), (49920, 300), (50040, 122), (50160, 198), (50280, 68), (50400, 141), (50520, 215), (50640, 109), (50760, 183), (50880, 72), (51000, 146), (51120, 218), (51240, 291), (51360, 365), (51480, 131), (51600, 205), (51720, 278), (51840, 350), (51960, 121), (52080, 46), (52200, 120), (52320, 193), (52440, 265), (52560, 338), (52680, 408), (52800, 481), (52920, 557), (53040, 631), (53160, 213), (53280, 61), (53400, 135), (53520, 207), (53640, 281), (53760, 115), (53880, 189), (54000, 264), (54120, 337), (54240, 410), (54360, 483), (54480, 139), (54600, 32), (54720, 99), (54840, 76), (54960, 61), (55080, 134), (55200, 207), (55320, 280), (55440, 354), (55560, 140), (55680, 211), (55800, 67), (55920, 135), (56040, 208), (56160, 280), (56280, 114), (56400, 187), (56520, 258), (56640, 121), (56760, 192), (56880, 266), (57000, 339), (57120, 413), (57240, 486), (57360, 559), (57480, 176), (57600, 47), (57720, 120), (57840, 190), (57960, 262), (58080, 336), (58200, 408), (58320, 481), (58440, 205), (58560, 280), (58680, 353), (58800, 87), (58920, 159), (59040, 233), (59160, 307), (59280, 378), (59400, 117), (59520, 189), (59640, 263), (59760, 337), (59880, 107), (60000, 180), (60120, 252), (60240, 115), (60360, 187), (60480, 260), (60600, 333), (60720, 404), (60840, 171), (60960, 243), (61080, 82), (61200, 155), (61320, 229), (61440, 103), (61560, 70), (61680, 142), (61800, 217), (61920, 290), (62040, 364), (62160, 437), (62280, 151), (62400, 214), (62520, 278), (62640, 181), (62760, 254), (62880, 328), (63000, 399), (63120, 473), (63240, 545), (63360, 605), (63480, 670), (63600, 743), (63720, 814), (63840, 888), (63960, 429), (64080, 244), (64200, 319), (64320, 393), (64440, 266), (64560, 190), (64680, 182), (64800, 162), (64920, 226), (65040, 209), (65160, 282), (65280, 355), (65400, 190), (65520, 263), (65640, 182), (65760, 150), (65880, 225), (66000, 298), (66120, 370), (66240, 443), (66360, 518), (66480, 590), (66600, 230), (66720, 304), (66840, 137), (66960, 209), (67080, 122), (67200, 197), (67320, 271), (67440, 345), (67560, 419), (67680, 149), (67800, 65), (67920, 126), (68040, 199), (68160, 272), (68280, 123), (68400, 58), (68520, 131), (68640, 203), (68760, 276), (68880, 100), (69000, 39), (69120, 111), (69240, 183), (69360, 256), (69480, 330), (69600, 116), (69720, 173), (69840, 246), (69960, 109), (70080, 39), (70200, 28), (70320, 100), (70440, 172), (70560, 244), (70680, 318), (70800, 125), (70920, 198), (71040, 270), (71160, 341), (71280, 417), (71400, 127), (71520, 200), (71640, 272), (71760, 345), (71880, 416), (72000, 490), (72120, 561), (72240, 633), (72360, 216), (72480, 289), (72600, 74), (72720, 140), (72840, 212), (72960, 285), (73080, 359), (73200, 121), (73320, 193), (73440, 96), (73560, 168), (73680, 243), (73800, 317), (73920, 391), (74040, 463), (74160, 538), (74280, 611), (74400, 683), (74520, 758), (74640, 833), (74760, 256), (74880, 65), (75000, 135), (75120, 209), (75240, 282), (75360, 118), (75480, 59), (75600, 131), (75720, 204), (75840, 278), (75960, 351), (76080, 426), (76200, 498), (76320, 569), (76440, 216), (76560, 78), (76680, 28), (76800, 29), (76920, 103), (77040, 178), (77160, 86), (77280, 159), (77400, 232), (77520, 304), (77640, 376), (77760, 449), (77880, 523), (78000, 597), (78120, 670), (78240, 740), (78360, 812), (78480, 883), (78600, 957), (78720, 1031), (78840, 357), (78960, 92), (79080, 165), (79200, 236), (79320, 309), (79440, 119), (79560, 193), (79680, 266), (79800, 340), (79920, 411), (80040, 485), (80160, 559), (80280, 635), (80400, 708), (80520, 781), (80640, 850), (80760, 925), (80880, 265), (81000, 337), (81120, 410), (81240, 482), (81360, 555), (81480, 628), (81600, 154), (81720, 222), (81840, 294), (81960, 363), (82080, 435), (82200, 508), (82320, 582), (82440, 653), (82560, 227), (82680, 60), (82800, 132), (82920, 203), (83040, 114), (83160, 188), (83280, 78), (83400, 149), (83520, 222), (83640, 108), (83760, 183), (83880, 254), (84000, 88), (84120, 162), (84240, 234), (84360, 306), (84480, 378), (84600, 451), (84720, 525), (84840, 599), (84960, 674), (85080, 209), (85200, 39), (85320, 112), (85440, 86), (85560, 58), (85680, 25), (85800, 26), (85920, 99), (86040, 84), (86160, 62), (86280, 134), (86400, 207), (86520, 278), (86640, 352), (86760, 138), (86880, 60), (87000, 132), (87120, 204), (87240, 278), (87360, 127), (87480, 52), (87600, 28), (87720, 92), (87840, 83), (87960, 71), (88080, 51), (88200, 28), (88320, 90), (88440, 74), (88560, 146), (88680, 218), (88800, 291), (88920, 364), (89040, 438), (89160, 178), (89280, 251), (89400, 61), (89520, 133), (89640, 77), (89760, 40), (89880, 114), (90000, 188), (90120, 261), (90240, 130), (90360, 203), (90480, 73), (90600, 145), (90720, 216), (90840, 288), (90960, 362), (91080, 137), (91200, 211), (91320, 283), (91440, 357), (91560, 429), (91680, 503), (91800, 577), (91920, 649), (92040, 722), (92160, 796), (92280, 868), (92400, 942), (92520, 1013), (92640, 331), (92760, 87), (92880, 159), (93000, 231), (93120, 306), (93240, 130), (93360, 81), (93480, 49), (93600, 34), (93720, 105), (93840, 178), (93960, 95), (94080, 166), (94200, 241), (94320, 313), (94440, 387), (94560, 146), (94680, 220), (94800, 293), (94920, 365), (95040, 439), (95160, 513), (95280, 155), (95400, 228), (95520, 302), (95640, 374), (95760, 445), (95880, 518), (96000, 591), (96120, 661), (96240, 235), (96360, 310), (96480, 384), (96600, 458), (96720, 533), (96840, 171), (96960, 245), (97080, 318), (97200, 392), (97320, 466), (97440, 538), (97560, 174), (97680, 250), (97800, 53), (97920, 109), (98040, 183), (98160, 259), (98280, 332), (98400, 406), (98520, 480), (98640, 554), (98760, 627), (98880, 698), (99000, 193), (99120, 263), (99240, 336), (99360, 410), (99480, 484), (99600, 557), (99720, 629), (99840, 700), (99960, 209), (100080, 281), (100200, 352), (100320, 424), (100440, 162), (100560, 78), (100680, 148), (100800, 68), (100920, 140), (101040, 213), (101160, 100), (101280, 171), (101400, 64), (101520, 138), (101640, 212), (101760, 284), (101880, 358), (102000, 431), (102120, 502), (102240, 574), (102360, 189), (102480, 260), (102600, 73), (102720, 147), (102840, 219), (102960, 292), (103080, 365), (103200, 436), (103320, 508), (103440, 581), (103560, 214), (103680, 286), (103800, 361), (103920, 434), (104040, 506), (104160, 175), (104280, 249), (104400, 73), (104520, 146), (104640, 219), (104760, 291), (104880, 364), (105000, 114), (105120, 178), (105240, 91), (105360, 165), (105480, 238), (105600, 82), (105720, 155), (105840, 228), (105960, 90), (106080, 161), (106200, 67), (106320, 138), (106440, 97), (106560, 169), (106680, 76), (106800, 43), (106920, 118), (107040, 192), (107160, 266), (107280, 338), (107400, 414), (107520, 487), (107640, 560), (107760, 633), (107880, 706), (108000, 779), (108120, 852), (108240, 925), (108360, 278), (108480, 353), (108600, 425), (108720, 495), (108840, 567), (108960, 176), (109080, 250), (109200, 324), (109320, 397), (109440, 149), (109560, 222), (109680, 295), (109800, 369), (109920, 441), (110040, 512), (110160, 587), (110280, 181), (110400, 255), (110520, 329), (110640, 119), (110760, 191), (110880, 265), (111000, 336), (111120, 410), (111240, 482), (111360, 555), (111480, 627), (111600, 193), (111720, 265), (111840, 103), (111960, 176), (112080, 74), (112200, 147), (112320, 221), (112440, 117), (112560, 69), (112680, 44), (112800, 21), (112920, 96), (113040, 168), (113160, 76), (113280, 150), (113400, 225)]

 - NODO 2.
Precision: 0.98
Recall: 0.977
F1: 0.979
Se ha entrenado con 113500 muestras.
Se ha entrenado con 0 prototipos.
Ha compartido 0 veces.
Ha compartido 0 prototipos a cada uno de los 4 vecino/s.
Tiempo de aprendizaje (muestras): 1786.2794339610264
Tiempo de aprendizaje (prototipos): 11161.859546366
Tiempo compartiendo prototipos: 0.348803807515651
Tiempo total: 12825.020253590075
Capacidad de ejecución: 8.84988855812748
ID, Tamaño de lotes recibidos: []
Tamaño conjunto de prototipos: [(0, 0), (120, 73), (240, 146), (360, 218), (480, 291), (600, 109), (720, 180), (840, 88), (960, 160), (1080, 233), (1200, 305), (1320, 378), (1440, 453), (1560, 164), (1680, 238), (1800, 313), (1920, 385), (2040, 459), (2160, 142), (2280, 42), (2400, 116), (2520, 188), (2640, 262), (2760, 335), (2880, 122), (3000, 45), (3120, 118), (3240, 191), (3360, 264), (3480, 336), (3600, 409), (3720, 483), (3840, 556), (3960, 631), (4080, 705), (4200, 780), (4320, 853), (4440, 928), (4560, 288), (4680, 363), (4800, 73), (4920, 146), (5040, 89), (5160, 56), (5280, 132), (5400, 207), (5520, 281), (5640, 354), (5760, 130), (5880, 205), (6000, 279), (6120, 350), (6240, 125), (6360, 73), (6480, 143), (6600, 217), (6720, 290), (6840, 137), (6960, 210), (7080, 283), (7200, 357), (7320, 431), (7440, 161), (7560, 235), (7680, 71), (7800, 145), (7920, 218), (8040, 291), (8160, 364), (8280, 437), (8400, 125), (8520, 196), (8640, 266), (8760, 339), (8880, 127), (9000, 48), (9120, 112), (9240, 83), (9360, 157), (9480, 231), (9600, 303), (9720, 376), (9840, 156), (9960, 73), (10080, 52), (10200, 124), (10320, 197), (10440, 115), (10560, 188), (10680, 261), (10800, 81), (10920, 151), (11040, 224), (11160, 298), (11280, 370), (11400, 443), (11520, 515), (11640, 205), (11760, 85), (11880, 49), (12000, 124), (12120, 197), (12240, 269), (12360, 343), (12480, 416), (12600, 488), (12720, 560), (12840, 214), (12960, 83), (13080, 41), (13200, 116), (13320, 188), (13440, 263), (13560, 109), (13680, 180), (13800, 66), (13920, 130), (14040, 204), (14160, 277), (14280, 350), (14400, 423), (14520, 496), (14640, 569), (14760, 177), (14880, 251), (15000, 325), (15120, 397), (15240, 151), (15360, 226), (15480, 299), (15600, 76), (15720, 148), (15840, 221), (15960, 295), (16080, 88), (16200, 161), (16320, 233), (16440, 111), (16560, 185), (16680, 76), (16800, 30), (16920, 93), (17040, 167), (17160, 241), (17280, 316), (17400, 100), (17520, 173), (17640, 93), (17760, 166), (17880, 80), (18000, 31), (18120, 105), (18240, 176), (18360, 250), (18480, 325), (18600, 102), (18720, 168), (18840, 242), (18960, 89), (19080, 49), (19200, 123), (19320, 195), (19440, 267), (19560, 340), (19680, 413), (19800, 488), (19920, 562), (20040, 634), (20160, 707), (20280, 779), (20400, 853), (20520, 925), (20640, 998), (20760, 1072), (20880, 1146), (21000, 1218), (21120, 1291), (21240, 425), (21360, 497), (21480, 570), (21600, 127), (21720, 202), (21840, 275), (21960, 347), (22080, 419), (22200, 492), (22320, 567), (22440, 640), (22560, 201), (22680, 272), (22800, 344), (22920, 416), (23040, 150), (23160, 224), (23280, 75), (23400, 149), (23520, 222), (23640, 114), (23760, 188), (23880, 261), (24000, 335), (24120, 407), (24240, 165), (24360, 74), (24480, 148), (24600, 50), (24720, 123), (24840, 77), (24960, 51), (25080, 45), (25200, 117), (25320, 191), (25440, 117), (25560, 188), (25680, 74), (25800, 33), (25920, 107), (26040, 86), (26160, 61), (26280, 134), (26400, 207), (26520, 280), (26640, 129), (26760, 200), (26880, 90), (27000, 44), (27120, 117), (27240, 190), (27360, 96), (27480, 167), (27600, 242), (27720, 315), (27840, 388), (27960, 461), (28080, 532), (28200, 603), (28320, 674), (28440, 750), (28560, 823), (28680, 898), (28800, 970), (28920, 1043), (29040, 1116), (29160, 354), (29280, 428), (29400, 501), (29520, 573), (29640, 645), (29760, 717), (29880, 790), (30000, 864), (30120, 940), (30240, 1013), (30360, 1086), (30480, 1158), (30600, 1232), (30720, 1306), (30840, 1380), (30960, 1453), (31080, 372), (31200, 445), (31320, 517), (31440, 136), (31560, 54), (31680, 127), (31800, 51), (31920, 115), (32040, 188), (32160, 261), (32280, 99), (32400, 172), (32520, 244), (32640, 114), (32760, 188), (32880, 262), (33000, 333), (33120, 406), (33240, 479), (33360, 181), (33480, 254), (33600, 73), (33720, 146), (33840, 218), (33960, 98), (34080, 53), (34200, 125), (34320, 197), (34440, 271), (34560, 123), (34680, 49), (34800, 25), (34920, 99), (35040, 172), (35160, 245), (35280, 319), (35400, 392), (35520, 466), (35640, 180), (35760, 68), (35880, 35), (36000, 28), (36120, 101), (36240, 176), (36360, 248), (36480, 322), (36600, 106), (36720, 178), (36840, 251), (36960, 324), (37080, 113), (37200, 187), (37320, 260), (37440, 109), (37560, 67), (37680, 140), (37800, 214), (37920, 288), (38040, 118), (38160, 51), (38280, 49), (38400, 123), (38520, 197), (38640, 98), (38760, 172), (38880, 241), (39000, 314), (39120, 387), (39240, 158), (39360, 233), (39480, 308), (39600, 82), (39720, 156), (39840, 230), (39960, 79), (40080, 153), (40200, 229), (40320, 302), (40440, 125), (40560, 66), (40680, 41), (40800, 29), (40920, 103), (41040, 175), (41160, 246), (41280, 320), (41400, 394), (41520, 469), (41640, 543), (41760, 616), (41880, 688), (42000, 761), (42120, 834), (42240, 292), (42360, 88), (42480, 163), (42600, 235), (42720, 309), (42840, 381), (42960, 138), (43080, 211), (43200, 284), (43320, 358), (43440, 135), (43560, 211), (43680, 67), (43800, 33), (43920, 105), (44040, 181), (44160, 252), (44280, 326), (44400, 400), (44520, 473), (44640, 545), (44760, 617), (44880, 690), (45000, 216), (45120, 287), (45240, 361), (45360, 433), (45480, 506), (45600, 579), (45720, 652), (45840, 725), (45960, 799), (46080, 872), (46200, 220), (46320, 294), (46440, 367), (46560, 439), (46680, 511), (46800, 128), (46920, 197), (47040, 95), (47160, 169), (47280, 241), (47400, 314), (47520, 389), (47640, 154), (47760, 226), (47880, 80), (48000, 151), (48120, 225), (48240, 296), (48360, 124), (48480, 60), (48600, 31), (48720, 106), (48840, 178), (48960, 252), (49080, 97), (49200, 169), (49320, 239), (49440, 128), (49560, 72), (49680, 146), (49800, 59), (49920, 132), (50040, 61), (50160, 136), (50280, 57), (50400, 131), (50520, 203), (50640, 274), (50760, 119), (50880, 192), (51000, 57), (51120, 130), (51240, 78), (51360, 149), (51480, 222), (51600, 295), (51720, 367), (51840, 164), (51960, 70), (52080, 65), (52200, 137), (52320, 212), (52440, 119), (52560, 193), (52680, 49), (52800, 112), (52920, 187), (53040, 259), (53160, 106), (53280, 181), (53400, 63), (53520, 135), (53640, 96), (53760, 171), (53880, 241), (54000, 315), (54120, 387), (54240, 461), (54360, 534), (54480, 608), (54600, 683), (54720, 757), (54840, 829), (54960, 266), (55080, 338), (55200, 79), (55320, 151), (55440, 224), (55560, 104), (55680, 50), (55800, 33), (55920, 107), (56040, 84), (56160, 156), (56280, 62), (56400, 29), (56520, 90), (56640, 162), (56760, 236), (56880, 310), (57000, 384), (57120, 456), (57240, 528), (57360, 601), (57480, 675), (57600, 747), (57720, 821), (57840, 895), (57960, 968), (58080, 1043), (58200, 308), (58320, 381), (58440, 117), (58560, 191), (58680, 264), (58800, 337), (58920, 408), (59040, 164), (59160, 237), (59280, 69), (59400, 144), (59520, 215), (59640, 104), (59760, 60), (59880, 134), (60000, 207), (60120, 281), (60240, 356), (60360, 429), (60480, 138), (60600, 44), (60720, 117), (60840, 191), (60960, 265), (61080, 338), (61200, 409), (61320, 482), (61440, 186), (61560, 259), (61680, 332), (61800, 406), (61920, 478), (62040, 553), (62160, 626), (62280, 698), (62400, 760), (62520, 822), (62640, 895), (62760, 965), (62880, 1039), (63000, 1113), (63120, 1189), (63240, 448), (63360, 194), (63480, 183), (63600, 257), (63720, 331), (63840, 254), (63960, 328), (64080, 402), (64200, 226), (64320, 296), (64440, 371), (64560, 234), (64680, 306), (64800, 379), (64920, 450), (65040, 276), (65160, 350), (65280, 423), (65400, 211), (65520, 280), (65640, 200), (65760, 275), (65880, 350), (66000, 183), (66120, 257), (66240, 191), (66360, 264), (66480, 169), (66600, 242), (66720, 315), (66840, 389), (66960, 463), (67080, 536), (67200, 219), (67320, 292), (67440, 182), (67560, 253), (67680, 158), (67800, 232), (67920, 305), (68040, 185), (68160, 257), (68280, 329), (68400, 405), (68520, 478), (68640, 550), (68760, 623), (68880, 256), (69000, 329), (69120, 403), (69240, 475), (69360, 548), (69480, 215), (69600, 290), (69720, 364), (69840, 437), (69960, 176), (70080, 247), (70200, 321), (70320, 395), (70440, 471), (70560, 544), (70680, 192), (70800, 94), (70920, 164), (71040, 237), (71160, 310), (71280, 149), (71400, 84), (71520, 158), (71640, 230), (71760, 304), (71880, 142), (72000, 83), (72120, 136), (72240, 209), (72360, 139), (72480, 213), (72600, 286), (72720, 361), (72840, 434), (72960, 508), (73080, 580), (73200, 216), (73320, 285), (73440, 140), (73560, 214), (73680, 120), (73800, 76), (73920, 150), (74040, 225), (74160, 129), (74280, 204), (74400, 82), (74520, 155), (74640, 114), (74760, 103), (74880, 61), (75000, 126), (75120, 200), (75240, 272), (75360, 343), (75480, 161), (75600, 74), (75720, 143), (75840, 217), (75960, 290), (76080, 120), (76200, 195), (76320, 267), (76440, 340), (76560, 138), (76680, 62), (76800, 137), (76920, 209), (77040, 112), (77160, 185), (77280, 94), (77400, 52), (77520, 117), (77640, 103), (77760, 173), (77880, 247), (78000, 101), (78120, 173), (78240, 104), (78360, 179), (78480, 80), (78600, 153), (78720, 227), (78840, 299), (78960, 123), (79080, 55), (79200, 38), (79320, 107), (79440, 67), (79560, 51), (79680, 126), (79800, 200), (79920, 274), (80040, 125), (80160, 197), (80280, 270), (80400, 343), (80520, 416), (80640, 490), (80760, 564), (80880, 639), (81000, 714), (81120, 788), (81240, 257), (81360, 331), (81480, 406), (81600, 478), (81720, 551), (81840, 627), (81960, 164), (82080, 237), (82200, 63), (82320, 137), (82440, 209), (82560, 63), (82680, 136), (82800, 46), (82920, 118), (83040, 81), (83160, 65), (83280, 45), (83400, 26), (83520, 100), (83640, 174), (83760, 248), (83880, 320), (84000, 391), (84120, 463), (84240, 537), (84360, 195), (84480, 271), (84600, 345), (84720, 418), (84840, 491), (84960, 565), (85080, 636), (85200, 710), (85320, 784), (85440, 858), (85560, 237), (85680, 64), (85800, 139), (85920, 211), (86040, 285), (86160, 122), (86280, 193), (86400, 58), (86520, 131), (86640, 88), (86760, 159), (86880, 232), (87000, 307), (87120, 376), (87240, 171), (87360, 245), (87480, 319), (87600, 393), (87720, 466), (87840, 538), (87960, 611), (88080, 686), (88200, 760), (88320, 834), (88440, 255), (88560, 85), (88680, 52), (88800, 126), (88920, 198), (89040, 273), (89160, 344), (89280, 419), (89400, 139), (89520, 212), (89640, 284), (89760, 79), (89880, 152), (90000, 225), (90120, 297), (90240, 141), (90360, 215), (90480, 288), (90600, 362), (90720, 436), (90840, 509), (90960, 582), (91080, 174), (91200, 58), (91320, 130), (91440, 205), (91560, 277), (91680, 349), (91800, 119), (91920, 193), (92040, 265), (92160, 338), (92280, 413), (92400, 486), (92520, 559), (92640, 197), (92760, 269), (92880, 80), (93000, 153), (93120, 226), (93240, 300), (93360, 107), (93480, 179), (93600, 252), (93720, 324), (93840, 393), (93960, 465), (94080, 169), (94200, 241), (94320, 314), (94440, 130), (94560, 204), (94680, 277), (94800, 350), (94920, 423), (95040, 495), (95160, 569), (95280, 641), (95400, 186), (95520, 259), (95640, 102), (95760, 64), (95880, 50), (96000, 122), (96120, 195), (96240, 266), (96360, 120), (96480, 192), (96600, 264), (96720, 338), (96840, 140), (96960, 212), (97080, 80), (97200, 27), (97320, 83), (97440, 154), (97560, 94), (97680, 169), (97800, 60), (97920, 130), (98040, 84), (98160, 61), (98280, 135), (98400, 208), (98520, 281), (98640, 130), (98760, 70), (98880, 143), (99000, 217), (99120, 290), (99240, 127), (99360, 71), (99480, 145), (99600, 217), (99720, 289), (99840, 143), (99960, 216), (100080, 291), (100200, 365), (100320, 438), (100440, 510), (100560, 166), (100680, 52), (100800, 29), (100920, 95), (101040, 168), (101160, 241), (101280, 315), (101400, 95), (101520, 171), (101640, 244), (101760, 79), (101880, 47), (102000, 30), (102120, 96), (102240, 169), (102360, 88), (102480, 163), (102600, 235), (102720, 308), (102840, 382), (102960, 151), (103080, 64), (103200, 139), (103320, 210), (103440, 117), (103560, 190), (103680, 73), (103800, 145), (103920, 218), (104040, 292), (104160, 364), (104280, 438), (104400, 510), (104520, 583), (104640, 656), (104760, 728), (104880, 800), (105000, 875), (105120, 950), (105240, 1023), (105360, 1095), (105480, 1169), (105600, 344), (105720, 418), (105840, 104), (105960, 70), (106080, 142), (106200, 215), (106320, 287), (106440, 359), (106560, 433), (106680, 149), (106800, 222), (106920, 294), (107040, 367), (107160, 439), (107280, 130), (107400, 50), (107520, 124), (107640, 87), (107760, 159), (107880, 230), (108000, 304), (108120, 379), (108240, 159), (108360, 231), (108480, 85), (108600, 156), (108720, 229), (108840, 300), (108960, 374), (109080, 448), (109200, 138), (109320, 209), (109440, 281), (109560, 123), (109680, 53), (109800, 126), (109920, 199), (110040, 109), (110160, 60), (110280, 134), (110400, 52), (110520, 121), (110640, 68), (110760, 68), (110880, 50), (111000, 32), (111120, 108), (111240, 35), (111360, 110), (111480, 182), (111600, 255), (111720, 327), (111840, 399), (111960, 171), (112080, 243), (112200, 317), (112320, 389), (112440, 134), (112560, 208), (112680, 81), (112800, 155), (112920, 228), (113040, 122), (113160, 78), (113280, 151), (113400, 224)]

 - NODO 3.
Precision: 0.986
Recall: 0.977
F1: 0.982
Se ha entrenado con 113499 muestras.
Se ha entrenado con 0 prototipos.
Ha compartido 0 veces.
Ha compartido 0 prototipos a cada uno de los 4 vecino/s.
Tiempo de aprendizaje (muestras): 1544.2719224214088
Tiempo de aprendizaje (prototipos): 11162.281456305
Tiempo compartiendo prototipos: 0.34379718033596873
Tiempo total: 12625.947959056124
Capacidad de ejecución: 8.989344829240435
ID, Tamaño de lotes recibidos: []
Tamaño conjunto de prototipos: [(0, 0), (120, 72), (240, 145), (360, 94), (480, 167), (600, 58), (720, 131), (840, 83), (960, 156), (1080, 229), (1200, 303), (1320, 376), (1440, 162), (1560, 237), (1680, 310), (1800, 384), (1920, 456), (2040, 157), (2160, 73), (2280, 147), (2400, 43), (2520, 87), (2640, 158), (2760, 72), (2880, 146), (3000, 218), (3120, 291), (3240, 135), (3360, 209), (3480, 72), (3600, 28), (3720, 100), (3840, 77), (3960, 64), (4080, 138), (4200, 211), (4320, 283), (4440, 356), (4560, 429), (4680, 501), (4800, 163), (4920, 232), (5040, 98), (5160, 171), (5280, 67), (5400, 141), (5520, 213), (5640, 285), (5760, 361), (5880, 121), (6000, 193), (6120, 265), (6240, 124), (6360, 77), (6480, 51), (6600, 123), (6720, 196), (6840, 108), (6960, 65), (7080, 51), (7200, 41), (7320, 115), (7440, 80), (7560, 60), (7680, 48), (7800, 122), (7920, 196), (8040, 269), (8160, 100), (8280, 49), (8400, 122), (8520, 194), (8640, 115), (8760, 190), (8880, 263), (9000, 336), (9120, 409), (9240, 482), (9360, 555), (9480, 628), (9600, 700), (9720, 772), (9840, 845), (9960, 282), (10080, 355), (10200, 79), (10320, 143), (10440, 215), (10560, 288), (10680, 361), (10800, 434), (10920, 508), (11040, 580), (11160, 652), (11280, 213), (11400, 286), (11520, 359), (11640, 433), (11760, 145), (11880, 42), (12000, 113), (12120, 185), (12240, 120), (12360, 59), (12480, 49), (12600, 122), (12720, 194), (12840, 111), (12960, 186), (13080, 259), (13200, 81), (13320, 136), (13440, 209), (13560, 281), (13680, 109), (13800, 183), (13920, 257), (14040, 329), (14160, 117), (14280, 189), (14400, 263), (14520, 336), (14640, 409), (14760, 483), (14880, 555), (15000, 165), (15120, 238), (15240, 312), (15360, 384), (15480, 457), (15600, 529), (15720, 602), (15840, 675), (15960, 219), (16080, 66), (16200, 140), (16320, 214), (16440, 289), (16560, 363), (16680, 111), (16800, 184), (16920, 260), (17040, 333), (17160, 110), (17280, 184), (17400, 55), (17520, 128), (17640, 200), (17760, 274), (17880, 349), (18000, 423), (18120, 498), (18240, 179), (18360, 82), (18480, 154), (18600, 229), (18720, 303), (18840, 135), (18960, 74), (19080, 145), (19200, 216), (19320, 290), (19440, 132), (19560, 205), (19680, 81), (19800, 29), (19920, 102), (20040, 177), (20160, 250), (20280, 324), (20400, 396), (20520, 467), (20640, 541), (20760, 613), (20880, 686), (21000, 760), (21120, 831), (21240, 294), (21360, 68), (21480, 42), (21600, 114), (21720, 187), (21840, 260), (21960, 120), (22080, 194), (22200, 63), (22320, 138), (22440, 210), (22560, 91), (22680, 49), (22800, 25), (22920, 97), (23040, 88), (23160, 64), (23280, 136), (23400, 207), (23520, 278), (23640, 352), (23760, 156), (23880, 229), (24000, 303), (24120, 375), (24240, 449), (24360, 147), (24480, 45), (24600, 33), (24720, 108), (24840, 181), (24960, 255), (25080, 329), (25200, 404), (25320, 477), (25440, 550), (25560, 624), (25680, 698), (25800, 194), (25920, 269), (26040, 343), (26160, 416), (26280, 491), (26400, 565), (26520, 638), (26640, 158), (26760, 231), (26880, 306), (27000, 378), (27120, 452), (27240, 525), (27360, 168), (27480, 240), (27600, 315), (27720, 389), (27840, 152), (27960, 69), (28080, 142), (28200, 216), (28320, 290), (28440, 120), (28560, 67), (28680, 138), (28800, 212), (28920, 285), (29040, 359), (29160, 431), (29280, 504), (29400, 578), (29520, 651), (29640, 725), (29760, 800), (29880, 874), (30000, 946), (30120, 1019), (30240, 1092), (30360, 1165), (30480, 1237), (30600, 362), (30720, 433), (30840, 505), (30960, 144), (31080, 220), (31200, 292), (31320, 366), (31440, 439), (31560, 143), (31680, 64), (31800, 34), (31920, 102), (32040, 172), (32160, 247), (32280, 319), (32400, 392), (32520, 463), (32640, 537), (32760, 207), (32880, 63), (33000, 34), (33120, 109), (33240, 82), (33360, 156), (33480, 227), (33600, 86), (33720, 161), (33840, 67), (33960, 64), (34080, 47), (34200, 119), (34320, 192), (34440, 109), (34560, 182), (34680, 257), (34800, 80), (34920, 143), (35040, 218), (35160, 96), (35280, 170), (35400, 244), (35520, 318), (35640, 123), (35760, 196), (35880, 270), (36000, 345), (36120, 417), (36240, 156), (36360, 229), (36480, 301), (36600, 89), (36720, 162), (36840, 236), (36960, 90), (37080, 163), (37200, 59), (37320, 132), (37440, 87), (37560, 47), (37680, 120), (37800, 193), (37920, 269), (38040, 342), (38160, 134), (38280, 55), (38400, 34), (38520, 104), (38640, 179), (38760, 252), (38880, 324), (39000, 399), (39120, 471), (39240, 168), (39360, 76), (39480, 149), (39600, 57), (39720, 132), (39840, 82), (39960, 156), (40080, 64), (40200, 138), (40320, 212), (40440, 97), (40560, 171), (40680, 67), (40800, 140), (40920, 212), (41040, 287), (41160, 110), (41280, 182), (41400, 255), (41520, 330), (41640, 402), (41760, 476), (41880, 550), (42000, 625), (42120, 698), (42240, 227), (42360, 79), (42480, 152), (42600, 225), (42720, 299), (42840, 129), (42960, 62), (43080, 134), (43200, 208), (43320, 281), (43440, 355), (43560, 139), (43680, 212), (43800, 285), (43920, 357), (44040, 142), (44160, 214), (44280, 81), (44400, 25), (44520, 98), (44640, 62), (44760, 134), (44880, 207), (45000, 280), (45120, 354), (45240, 146), (45360, 219), (45480, 85), (45600, 158), (45720, 230), (45840, 125), (45960, 198), (46080, 85), (46200, 31), (46320, 101), (46440, 80), (46560, 155), (46680, 231), (46800, 67), (46920, 140), (47040, 88), (47160, 60), (47280, 43), (47400, 118), (47520, 190), (47640, 111), (47760, 183), (47880, 256), (48000, 329), (48120, 403), (48240, 476), (48360, 177), (48480, 250), (48600, 324), (48720, 395), (48840, 138), (48960, 211), (49080, 285), (49200, 357), (49320, 429), (49440, 501), (49560, 573), (49680, 647), (49800, 203), (49920, 276), (50040, 350), (50160, 112), (50280, 55), (50400, 127), (50520, 200), (50640, 107), (50760, 179), (50880, 253), (51000, 91), (51120, 165), (51240, 237), (51360, 86), (51480, 53), (51600, 22), (51720, 92), (51840, 80), (51960, 152), (52080, 78), (52200, 149), (52320, 222), (52440, 295), (52560, 120), (52680, 195), (52800, 268), (52920, 342), (53040, 414), (53160, 488), (53280, 152), (53400, 225), (53520, 299), (53640, 371), (53760, 444), (53880, 114), (54000, 186), (54120, 259), (54240, 330), (54360, 127), (54480, 57), (54600, 36), (54720, 108), (54840, 181), (54960, 253), (55080, 108), (55200, 45), (55320, 111), (55440, 184), (55560, 100), (55680, 175), (55800, 251), (55920, 322), (56040, 396), (56160, 130), (56280, 203), (56400, 69), (56520, 144), (56640, 81), (56760, 154), (56880, 227), (57000, 302), (57120, 375), (57240, 152), (57360, 225), (57480, 298), (57600, 372), (57720, 445), (57840, 517), (57960, 162), (58080, 59), (58200, 134), (58320, 206), (58440, 106), (58560, 179), (58680, 252), (58800, 325), (58920, 398), (59040, 470), (59160, 543), (59280, 615), (59400, 202), (59520, 270), (59640, 342), (59760, 414), (59880, 487), (60000, 560), (60120, 633), (60240, 200), (60360, 274), (60480, 349), (60600, 423), (60720, 496), (60840, 571), (60960, 146), (61080, 48), (61200, 39), (61320, 112), (61440, 91), (61560, 166), (61680, 239), (61800, 79), (61920, 153), (62040, 83), (62160, 155), (62280, 228), (62400, 292), (62520, 356), (62640, 218), (62760, 157), (62880, 229), (63000, 124), (63120, 196), (63240, 269), (63360, 329), (63480, 220), (63600, 174), (63720, 243), (63840, 207), (63960, 280), (64080, 209), (64200, 282), (64320, 354), (64440, 247), (64560, 321), (64680, 181), (64800, 143), (64920, 216), (65040, 192), (65160, 147), (65280, 221), (65400, 293), (65520, 365), (65640, 206), (65760, 280), (65880, 162), (66000, 233), (66120, 305), (66240, 202), (66360, 144), (66480, 218), (66600, 290), (66720, 362), (66840, 434), (66960, 230), (67080, 131), (67200, 205), (67320, 279), (67440, 171), (67560, 93), (67680, 153), (67800, 227), (67920, 300), (68040, 195), (68160, 268), (68280, 136), (68400, 96), (68520, 169), (68640, 242), (68760, 317), (68880, 387), (69000, 461), (69120, 532), (69240, 605), (69360, 679), (69480, 753), (69600, 825), (69720, 897), (69840, 970), (69960, 1044), (70080, 368), (70200, 444), (70320, 517), (70440, 590), (70560, 666), (70680, 738), (70800, 203), (70920, 276), (71040, 144), (71160, 118), (71280, 99), (71400, 171), (71520, 245), (71640, 320), (71760, 392), (71880, 464), (72000, 539), (72120, 612), (72240, 685), (72360, 759), (72480, 274), (72600, 348), (72720, 419), (72840, 176), (72960, 108), (73080, 97), (73200, 76), (73320, 135), (73440, 208), (73560, 281), (73680, 134), (73800, 86), (73920, 155), (74040, 228), (74160, 302), (74280, 374), (74400, 152), (74520, 218), (74640, 290), (74760, 365), (74880, 440), (75000, 515), (75120, 590), (75240, 661), (75360, 213), (75480, 285), (75600, 356), (75720, 430), (75840, 502), (75960, 183), (76080, 256), (76200, 329), (76320, 402), (76440, 475), (76560, 548), (76680, 203), (76800, 279), (76920, 350), (77040, 139), (77160, 210), (77280, 106), (77400, 52), (77520, 126), (77640, 81), (77760, 153), (77880, 91), (78000, 164), (78120, 238), (78240, 134), (78360, 209), (78480, 283), (78600, 358), (78720, 430), (78840, 503), (78960, 577), (79080, 171), (79200, 55), (79320, 120), (79440, 97), (79560, 171), (79680, 76), (79800, 149), (79920, 222), (80040, 116), (80160, 189), (80280, 77), (80400, 39), (80520, 114), (80640, 186), (80760, 91), (80880, 163), (81000, 61), (81120, 128), (81240, 202), (81360, 92), (81480, 165), (81600, 63), (81720, 135), (81840, 87), (81960, 162), (82080, 234), (82200, 306), (82320, 382), (82440, 456), (82560, 162), (82680, 235), (82800, 62), (82920, 135), (83040, 83), (83160, 64), (83280, 28), (83400, 100), (83520, 171), (83640, 243), (83760, 124), (83880, 49), (84000, 25), (84120, 99), (84240, 80), (84360, 151), (84480, 225), (84600, 84), (84720, 158), (84840, 88), (84960, 48), (85080, 45), (85200, 120), (85320, 193), (85440, 267), (85560, 338), (85680, 124), (85800, 43), (85920, 110), (86040, 182), (86160, 256), (86280, 328), (86400, 114), (86520, 190), (86640, 91), (86760, 164), (86880, 235), (87000, 309), (87120, 384), (87240, 457), (87360, 158), (87480, 38), (87600, 26), (87720, 99), (87840, 174), (87960, 246), (88080, 108), (88200, 182), (88320, 255), (88440, 116), (88560, 190), (88680, 262), (88800, 336), (88920, 411), (89040, 484), (89160, 556), (89280, 628), (89400, 703), (89520, 774), (89640, 850), (89760, 924), (89880, 996), (90000, 1070), (90120, 1143), (90240, 1216), (90360, 1289), (90480, 379), (90600, 57), (90720, 129), (90840, 86), (90960, 64), (91080, 45), (91200, 119), (91320, 192), (91440, 265), (91560, 340), (91680, 108), (91800, 35), (91920, 109), (92040, 81), (92160, 71), (92280, 50), (92400, 125), (92520, 198), (92640, 103), (92760, 34), (92880, 105), (93000, 176), (93120, 249), (93240, 321), (93360, 395), (93480, 153), (93600, 227), (93720, 301), (93840, 372), (93960, 132), (94080, 204), (94200, 75), (94320, 136), (94440, 209), (94560, 282), (94680, 357), (94800, 430), (94920, 504), (95040, 576), (95160, 208), (95280, 280), (95400, 353), (95520, 426), (95640, 498), (95760, 570), (95880, 190), (96000, 57), (96120, 122), (96240, 66), (96360, 69), (96480, 142), (96600, 216), (96720, 290), (96840, 365), (96960, 439), (97080, 513), (97200, 150), (97320, 225), (97440, 89), (97560, 55), (97680, 38), (97800, 109), (97920, 182), (98040, 258), (98160, 114), (98280, 57), (98400, 130), (98520, 201), (98640, 275), (98760, 348), (98880, 423), (99000, 137), (99120, 210), (99240, 283), (99360, 91), (99480, 162), (99600, 57), (99720, 129), (99840, 99), (99960, 171), (100080, 242), (100200, 87), (100320, 148), (100440, 221), (100560, 294), (100680, 97), (100800, 31), (100920, 97), (101040, 172), (101160, 246), (101280, 318), (101400, 106), (101520, 163), (101640, 91), (101760, 161), (101880, 81), (102000, 155), (102120, 226), (102240, 299), (102360, 371), (102480, 446), (102600, 147), (102720, 219), (102840, 292), (102960, 366), (103080, 119), (103200, 192), (103320, 266), (103440, 119), (103560, 192), (103680, 76), (103800, 28), (103920, 97), (104040, 89), (104160, 61), (104280, 135), (104400, 209), (104520, 282), (104640, 108), (104760, 183), (104880, 63), (105000, 135), (105120, 208), (105240, 118), (105360, 190), (105480, 263), (105600, 93), (105720, 167), (105840, 87), (105960, 62), (106080, 136), (106200, 61), (106320, 134), (106440, 207), (106560, 280), (106680, 96), (106800, 36), (106920, 109), (107040, 86), (107160, 42), (107280, 116), (107400, 47), (107520, 121), (107640, 193), (107760, 267), (107880, 107), (108000, 178), (108120, 251), (108240, 126), (108360, 198), (108480, 66), (108600, 137), (108720, 208), (108840, 119), (108960, 70), (109080, 142), (109200, 57), (109320, 129), (109440, 203), (109560, 275), (109680, 346), (109800, 421), (109920, 494), (110040, 568), (110160, 640), (110280, 713), (110400, 213), (110520, 285), (110640, 96), (110760, 169), (110880, 243), (111000, 78), (111120, 151), (111240, 223), (111360, 296), (111480, 100), (111600, 173), (111720, 244), (111840, 120), (111960, 72), (112080, 145), (112200, 56), (112320, 129), (112440, 89), (112560, 71), (112680, 38), (112800, 26), (112920, 96), (113040, 93), (113160, 166), (113280, 79), (113400, 28)]

 - NODO 4.
Precision: 0.977
Recall: 0.98
F1: 0.979
Se ha entrenado con 113499 muestras.
Se ha entrenado con 0 prototipos.
Ha compartido 0 veces.
Ha compartido 0 prototipos a cada uno de los 4 vecino/s.
Tiempo de aprendizaje (muestras): 1630.1724567543715
Tiempo de aprendizaje (prototipos): 11161.514863767
Tiempo compartiendo prototipos: 0.34801161917857826
Tiempo total: 12696.775963722961
Capacidad de ejecución: 8.93919844882572
ID, Tamaño de lotes recibidos: []
Tamaño conjunto de prototipos: [(0, 0), (120, 75), (240, 63), (360, 64), (480, 50), (600, 35), (720, 105), (840, 177), (960, 251), (1080, 323), (1200, 115), (1320, 190), (1440, 86), (1560, 158), (1680, 232), (1800, 77), (1920, 152), (2040, 224), (2160, 298), (2280, 370), (2400, 444), (2520, 519), (2640, 592), (2760, 178), (2880, 48), (3000, 121), (3120, 194), (3240, 111), (3360, 186), (3480, 69), (3600, 30), (3720, 103), (3840, 82), (3960, 157), (4080, 229), (4200, 81), (4320, 154), (4440, 92), (4560, 72), (4680, 44), (4800, 117), (4920, 190), (5040, 101), (5160, 174), (5280, 72), (5400, 31), (5520, 106), (5640, 179), (5760, 81), (5880, 153), (6000, 227), (6120, 300), (6240, 133), (6360, 68), (6480, 53), (6600, 32), (6720, 103), (6840, 175), (6960, 248), (7080, 103), (7200, 46), (7320, 120), (7440, 195), (7560, 83), (7680, 41), (7800, 115), (7920, 186), (8040, 257), (8160, 128), (8280, 51), (8400, 126), (8520, 197), (8640, 270), (8760, 343), (8880, 133), (9000, 206), (9120, 280), (9240, 123), (9360, 195), (9480, 266), (9600, 339), (9720, 412), (9840, 485), (9960, 177), (10080, 250), (10200, 72), (10320, 146), (10440, 85), (10560, 158), (10680, 72), (10800, 30), (10920, 103), (11040, 175), (11160, 249), (11280, 96), (11400, 33), (11520, 102), (11640, 175), (11760, 94), (11880, 50), (12000, 31), (12120, 103), (12240, 82), (12360, 153), (12480, 227), (12600, 300), (12720, 375), (12840, 447), (12960, 519), (13080, 591), (13200, 665), (13320, 737), (13440, 811), (13560, 286), (13680, 357), (13800, 429), (13920, 500), (14040, 169), (14160, 241), (14280, 80), (14400, 154), (14520, 227), (14640, 301), (14760, 102), (14880, 173), (15000, 246), (15120, 321), (15240, 394), (15360, 468), (15480, 539), (15600, 614), (15720, 685), (15840, 759), (15960, 833), (16080, 269), (16200, 343), (16320, 417), (16440, 491), (16560, 563), (16680, 154), (16800, 227), (16920, 301), (17040, 375), (17160, 448), (17280, 128), (17400, 201), (17520, 274), (17640, 347), (17760, 125), (17880, 198), (18000, 59), (18120, 133), (18240, 205), (18360, 278), (18480, 351), (18600, 424), (18720, 497), (18840, 187), (18960, 259), (19080, 331), (19200, 98), (19320, 169), (19440, 240), (19560, 314), (19680, 385), (19800, 459), (19920, 531), (20040, 605), (20160, 679), (20280, 753), (20400, 823), (20520, 897), (20640, 313), (20760, 89), (20880, 50), (21000, 123), (21120, 197), (21240, 110), (21360, 184), (21480, 259), (21600, 334), (21720, 409), (21840, 483), (21960, 145), (22080, 47), (22200, 121), (22320, 193), (22440, 107), (22560, 181), (22680, 74), (22800, 147), (22920, 222), (23040, 294), (23160, 367), (23280, 440), (23400, 512), (23520, 585), (23640, 204), (23760, 277), (23880, 350), (24000, 423), (24120, 495), (24240, 568), (24360, 642), (24480, 712), (24600, 785), (24720, 859), (24840, 289), (24960, 98), (25080, 173), (25200, 247), (25320, 320), (25440, 126), (25560, 200), (25680, 276), (25800, 348), (25920, 420), (26040, 496), (26160, 570), (26280, 165), (26400, 41), (26520, 114), (26640, 186), (26760, 102), (26880, 173), (27000, 57), (27120, 130), (27240, 202), (27360, 275), (27480, 92), (27600, 39), (27720, 113), (27840, 85), (27960, 161), (28080, 234), (28200, 72), (28320, 140), (28440, 213), (28560, 287), (28680, 93), (28800, 31), (28920, 105), (29040, 178), (29160, 92), (29280, 166), (29400, 54), (29520, 127), (29640, 78), (29760, 151), (29880, 226), (30000, 300), (30120, 372), (30240, 156), (30360, 67), (30480, 42), (30600, 34), (30720, 108), (30840, 182), (30960, 257), (31080, 91), (31200, 26), (31320, 98), (31440, 171), (31560, 244), (31680, 316), (31800, 116), (31920, 187), (32040, 261), (32160, 334), (32280, 407), (32400, 480), (32520, 552), (32640, 180), (32760, 252), (32880, 326), (33000, 90), (33120, 151), (33240, 225), (33360, 298), (33480, 371), (33600, 105), (33720, 178), (33840, 97), (33960, 170), (34080, 243), (34200, 77), (34320, 152), (34440, 224), (34560, 298), (34680, 98), (34800, 173), (34920, 244), (35040, 120), (35160, 68), (35280, 141), (35400, 215), (35520, 286), (35640, 133), (35760, 205), (35880, 89), (36000, 31), (36120, 69), (36240, 66), (36360, 72), (36480, 54), (36600, 34), (36720, 104), (36840, 94), (36960, 70), (37080, 142), (37200, 60), (37320, 130), (37440, 89), (37560, 50), (37680, 42), (37800, 115), (37920, 189), (38040, 261), (38160, 334), (38280, 407), (38400, 132), (38520, 205), (38640, 277), (38760, 350), (38880, 118), (39000, 190), (39120, 263), (39240, 120), (39360, 195), (39480, 269), (39600, 73), (39720, 146), (39840, 217), (39960, 293), (40080, 99), (40200, 28), (40320, 101), (40440, 174), (40560, 250), (40680, 324), (40800, 397), (40920, 471), (41040, 545), (41160, 619), (41280, 180), (41400, 254), (41520, 327), (41640, 110), (41760, 183), (41880, 76), (42000, 30), (42120, 105), (42240, 178), (42360, 81), (42480, 154), (42600, 225), (42720, 299), (42840, 371), (42960, 152), (43080, 223), (43200, 297), (43320, 370), (43440, 140), (43560, 69), (43680, 143), (43800, 217), (43920, 289), (44040, 363), (44160, 435), (44280, 508), (44400, 581), (44520, 654), (44640, 727), (44760, 798), (44880, 871), (45000, 945), (45120, 1018), (45240, 1093), (45360, 1166), (45480, 1238), (45600, 372), (45720, 445), (45840, 126), (45960, 202), (46080, 275), (46200, 347), (46320, 420), (46440, 150), (46560, 67), (46680, 140), (46800, 64), (46920, 138), (47040, 87), (47160, 159), (47280, 232), (47400, 307), (47520, 380), (47640, 454), (47760, 527), (47880, 600), (48000, 671), (48120, 746), (48240, 818), (48360, 892), (48480, 279), (48600, 47), (48720, 121), (48840, 194), (48960, 267), (49080, 340), (49200, 103), (49320, 176), (49440, 248), (49560, 321), (49680, 393), (49800, 465), (49920, 538), (50040, 611), (50160, 682), (50280, 754), (50400, 825), (50520, 898), (50640, 972), (50760, 1045), (50880, 1119), (51000, 1194), (51120, 1266), (51240, 421), (51360, 63), (51480, 35), (51600, 109), (51720, 182), (51840, 113), (51960, 186), (52080, 259), (52200, 332), (52320, 405), (52440, 479), (52560, 551), (52680, 185), (52800, 259), (52920, 333), (53040, 126), (53160, 200), (53280, 73), (53400, 25), (53520, 85), (53640, 157), (53760, 93), (53880, 166), (54000, 59), (54120, 133), (54240, 68), (54360, 141), (54480, 213), (54600, 83), (54720, 157), (54840, 229), (54960, 109), (55080, 43), (55200, 117), (55320, 188), (55440, 263), (55560, 115), (55680, 49), (55800, 122), (55920, 194), (56040, 268), (56160, 340), (56280, 414), (56400, 489), (56520, 563), (56640, 637), (56760, 710), (56880, 216), (57000, 47), (57120, 120), (57240, 194), (57360, 267), (57480, 339), (57600, 413), (57720, 486), (57840, 561), (57960, 633), (58080, 203), (58200, 277), (58320, 351), (58440, 426), (58560, 114), (58680, 186), (58800, 47), (58920, 99), (59040, 171), (59160, 91), (59280, 165), (59400, 239), (59520, 311), (59640, 135), (59760, 75), (59880, 149), (60000, 220), (60120, 292), (60240, 365), (60360, 146), (60480, 57), (60600, 130), (60720, 204), (60840, 112), (60960, 185), (61080, 257), (61200, 331), (61320, 404), (61440, 158), (61560, 230), (61680, 305), (61800, 85), (61920, 159), (62040, 232), (62160, 305), (62280, 101), (62400, 69), (62520, 134), (62640, 208), (62760, 283), (62880, 356), (63000, 172), (63120, 244), (63240, 318), (63360, 379), (63480, 236), (63600, 308), (63720, 381), (63840, 454), (63960, 528), (64080, 602), (64200, 675), (64320, 748), (64440, 822), (64560, 895), (64680, 368), (64800, 440), (64920, 512), (65040, 586), (65160, 269), (65280, 343), (65400, 184), (65520, 256), (65640, 328), (65760, 401), (65880, 476), (66000, 549), (66120, 620), (66240, 298), (66360, 369), (66480, 169), (66600, 104), (66720, 178), (66840, 133), (66960, 96), (67080, 168), (67200, 98), (67320, 172), (67440, 243), (67560, 317), (67680, 390), (67800, 465), (67920, 538), (68040, 217), (68160, 292), (68280, 365), (68400, 117), (68520, 181), (68640, 255), (68760, 115), (68880, 189), (69000, 69), (69120, 142), (69240, 215), (69360, 102), (69480, 43), (69600, 116), (69720, 191), (69840, 104), (69960, 63), (70080, 137), (70200, 210), (70320, 282), (70440, 355), (70560, 134), (70680, 209), (70800, 51), (70920, 124), (71040, 197), (71160, 97), (71280, 171), (71400, 59), (71520, 133), (71640, 89), (71760, 163), (71880, 68), (72000, 141), (72120, 212), (72240, 118), (72360, 73), (72480, 146), (72600, 220), (72720, 292), (72840, 364), (72960, 436), (73080, 509), (73200, 582), (73320, 653), (73440, 725), (73560, 264), (73680, 70), (73800, 144), (73920, 216), (74040, 290), (74160, 364), (74280, 438), (74400, 512), (74520, 586), (74640, 208), (74760, 73), (74880, 145), (75000, 218), (75120, 289), (75240, 361), (75360, 159), (75480, 230), (75600, 71), (75720, 144), (75840, 91), (75960, 30), (76080, 104), (76200, 175), (76320, 247), (76440, 321), (76560, 139), (76680, 210), (76800, 84), (76920, 155), (77040, 228), (77160, 98), (77280, 171), (77400, 244), (77520, 316), (77640, 144), (77760, 216), (77880, 289), (78000, 364), (78120, 439), (78240, 513), (78360, 587), (78480, 175), (78600, 250), (78720, 322), (78840, 395), (78960, 467), (79080, 142), (79200, 216), (79320, 287), (79440, 360), (79560, 128), (79680, 201), (79800, 63), (79920, 131), (80040, 204), (80160, 86), (80280, 159), (80400, 232), (80520, 305), (80640, 379), (80760, 454), (80880, 143), (81000, 217), (81120, 290), (81240, 361), (81360, 436), (81480, 509), (81600, 581), (81720, 654), (81840, 219), (81960, 292), (82080, 365), (82200, 436), (82320, 510), (82440, 186), (82560, 261), (82680, 336), (82800, 407), (82920, 480), (83040, 552), (83160, 169), (83280, 243), (83400, 317), (83520, 391), (83640, 464), (83760, 538), (83880, 610), (84000, 685), (84120, 757), (84240, 831), (84360, 241), (84480, 315), (84600, 72), (84720, 147), (84840, 220), (84960, 85), (85080, 156), (85200, 63), (85320, 135), (85440, 91), (85560, 66), (85680, 48), (85800, 121), (85920, 195), (86040, 112), (86160, 185), (86280, 258), (86400, 81), (86520, 154), (86640, 225), (86760, 100), (86880, 172), (87000, 244), (87120, 315), (87240, 145), (87360, 218), (87480, 292), (87600, 365), (87720, 441), (87840, 156), (87960, 230), (88080, 59), (88200, 30), (88320, 101), (88440, 174), (88560, 96), (88680, 53), (88800, 29), (88920, 102), (89040, 82), (89160, 153), (89280, 71), (89400, 144), (89520, 216), (89640, 105), (89760, 52), (89880, 49), (90000, 24), (90120, 95), (90240, 79), (90360, 151), (90480, 224), (90600, 297), (90720, 370), (90840, 441), (90960, 513), (91080, 588), (91200, 195), (91320, 261), (91440, 333), (91560, 100), (91680, 173), (91800, 247), (91920, 321), (92040, 135), (92160, 207), (92280, 280), (92400, 353), (92520, 425), (92640, 498), (92760, 182), (92880, 252), (93000, 76), (93120, 149), (93240, 220), (93360, 293), (93480, 367), (93600, 437), (93720, 508), (93840, 580), (93960, 197), (94080, 271), (94200, 64), (94320, 135), (94440, 206), (94560, 97), (94680, 171), (94800, 245), (94920, 318), (95040, 136), (95160, 209), (95280, 80), (95400, 42), (95520, 105), (95640, 179), (95760, 251), (95880, 324), (96000, 398), (96120, 472), (96240, 185), (96360, 258), (96480, 333), (96600, 98), (96720, 174), (96840, 249), (96960, 323), (97080, 398), (97200, 471), (97320, 545), (97440, 617), (97560, 690), (97680, 764), (97800, 837), (97920, 910), (98040, 983), (98160, 282), (98280, 354), (98400, 73), (98520, 147), (98640, 218), (98760, 292), (98880, 365), (99000, 105), (99120, 169), (99240, 243), (99360, 85), (99480, 158), (99600, 55), (99720, 132), (99840, 204), (99960, 80), (100080, 48), (100200, 121), (100320, 193), (100440, 268), (100560, 107), (100680, 180), (100800, 253), (100920, 325), (101040, 137), (101160, 212), (101280, 283), (101400, 94), (101520, 168), (101640, 243), (101760, 63), (101880, 134), (102000, 61), (102120, 125), (102240, 96), (102360, 70), (102480, 144), (102600, 215), (102720, 288), (102840, 361), (102960, 154), (103080, 228), (103200, 65), (103320, 127), (103440, 82), (103560, 157), (103680, 231), (103800, 72), (103920, 141), (104040, 95), (104160, 168), (104280, 65), (104400, 138), (104520, 210), (104640, 284), (104760, 356), (104880, 137), (105000, 43), (105120, 109), (105240, 181), (105360, 253), (105480, 325), (105600, 400), (105720, 473), (105840, 197), (105960, 82), (106080, 155), (106200, 229), (106320, 302), (106440, 131), (106560, 205), (106680, 279), (106800, 351), (106920, 426), (107040, 500), (107160, 165), (107280, 237), (107400, 311), (107520, 385), (107640, 459), (107760, 146), (107880, 219), (108000, 292), (108120, 363), (108240, 435), (108360, 167), (108480, 48), (108600, 120), (108720, 193), (108840, 267), (108960, 339), (109080, 127), (109200, 46), (109320, 103), (109440, 176), (109560, 249), (109680, 322), (109800, 395), (109920, 467), (110040, 539), (110160, 208), (110280, 279), (110400, 73), (110520, 146), (110640, 220), (110760, 292), (110880, 105), (111000, 35), (111120, 89), (111240, 161), (111360, 237), (111480, 311), (111600, 384), (111720, 459), (111840, 176), (111960, 250), (112080, 324), (112200, 87), (112320, 155), (112440, 81), (112560, 66), (112680, 56), (112800, 31), (112920, 103), (113040, 176), (113160, 102), (113280, 177), (113400, 55)]

